INSERTION,DELETION,SUM,SUBTRACT,"INSERTION,DELETION,SUM,SUBTRACT",,
0,2,2,-2,"0,2,2,-2",insertion median: ,3
0,4,4,-4,"0,4,4,-4",deletion median:,1
4,1,5,3,"4,1,5,3",insetion min:,0
0,5,5,-5,"0,5,5,-5",deletion min:,0
24,10,34,14,"24,10,34,14",insetion max:,4221
3,0,3,3,"3,0,3,3",deletion max:,2436
24,4,28,20,"24,4,28,20",Total changes:,8161
4,1,5,3,"4,1,5,3",,
1,1,2,0,"1,1,2,0",,
4,12,16,-8,"4,12,16,-8",,
13,1,14,12,"13,1,14,12",,
91,22,113,69,"91,22,113,69",,
5,0,5,5,"5,0,5,5",,
4,0,4,4,"4,0,4,4",,
61,2,63,59,"61,2,63,59",,
196,22,218,174,"196,22,218,174",,
39,7,46,32,"39,7,46,32",,
71,24,95,47,"71,24,95,47",,
1,1,2,0,"1,1,2,0",,
1,2,3,-1,"1,2,3,-1",,
11,5,16,6,"11,5,16,6",,
9,2,11,7,"9,2,11,7",,
0,1,1,-1,"0,1,1,-1",,
4,1,5,3,"4,1,5,3",,
5,0,5,5,"5,0,5,5",,
14,0,14,14,"14,0,14,14",,
208,172,380,36,"208,172,380,36",,
53,6,59,47,"53,6,59,47",,
1,0,1,1,"1,0,1,1",,
1,0,1,1,"1,0,1,1",,
1,0,1,1,"1,0,1,1",,
1,0,1,1,"1,0,1,1",,
1,0,1,1,"1,0,1,1",,
1,0,1,1,"1,0,1,1",,
1,0,1,1,"1,0,1,1",,
1,0,1,1,"1,0,1,1",,
1,0,1,1,"1,0,1,1",,
124,123,247,1,"124,123,247,1",,
1,0,1,1,"1,0,1,1",,
1,0,1,1,"1,0,1,1",,
1,0,1,1,"1,0,1,1",,
1,0,1,1,"1,0,1,1",,
1,0,1,1,"1,0,1,1",,
1,0,1,1,"1,0,1,1",,
1,0,1,1,"1,0,1,1",,
5,0,5,5,"5,0,5,5",,
78,0,78,78,"78,0,78,78",,
0,1,1,-1,"0,1,1,-1",,
0,1,1,-1,"0,1,1,-1",,
0,1,1,-1,"0,1,1,-1",,
0,1,1,-1,"0,1,1,-1",,
0,1,1,-1,"0,1,1,-1",,
0,1,1,-1,"0,1,1,-1",,
0,1,1,-1,"0,1,1,-1",,
0,1,1,-1,"0,1,1,-1",,
0,1,1,-1,"0,1,1,-1",,
0,1,1,-1,"0,1,1,-1",,
0,1,1,-1,"0,1,1,-1",,
0,1,1,-1,"0,1,1,-1",,
0,1,1,-1,"0,1,1,-1",,
11,12,23,-1,"11,12,23,-1",,
0,1,1,-1,"0,1,1,-1",,
0,1,1,-1,"0,1,1,-1",,
0,1,1,-1,"0,1,1,-1",,
0,1,1,-1,"0,1,1,-1",,
0,1,1,-1,"0,1,1,-1",,
0,1,1,-1,"0,1,1,-1",,
0,1,1,-1,"0,1,1,-1",,
34,10,44,24,"34,10,44,24",,
47,0,47,47,"47,0,47,47",,
53,6,59,47,"53,6,59,47",,
1,1,2,0,"1,1,2,0",,
1,1,2,0,"1,1,2,0",,
1,1,2,0,"1,1,2,0",,
1,1,2,0,"1,1,2,0",,
1,1,2,0,"1,1,2,0",,
1,1,2,0,"1,1,2,0",,
52,5,57,47,"52,5,57,47",,
14,10,24,4,"14,10,24,4",,
1,1,2,0,"1,1,2,0",,
1,1,2,0,"1,1,2,0",,
1,1,2,0,"1,1,2,0",,
1,1,2,0,"1,1,2,0",,
1,1,2,0,"1,1,2,0",,
1,1,2,0,"1,1,2,0",,
1,1,2,0,"1,1,2,0",,
1,1,2,0,"1,1,2,0",,
1,1,2,0,"1,1,2,0",,
1,1,2,0,"1,1,2,0",,
1,1,2,0,"1,1,2,0",,
1,1,2,0,"1,1,2,0",,
1,1,2,0,"1,1,2,0",,
1,1,2,0,"1,1,2,0",,
1,1,2,0,"1,1,2,0",,
1,1,2,0,"1,1,2,0",,
1,1,2,0,"1,1,2,0",,
1,1,2,0,"1,1,2,0",,
1,1,2,0,"1,1,2,0",,
1,1,2,0,"1,1,2,0",,
1,1,2,0,"1,1,2,0",,
1,1,2,0,"1,1,2,0",,
1,1,2,0,"1,1,2,0",,
1,1,2,0,"1,1,2,0",,
2,2,4,0,"2,2,4,0",,
4,4,8,0,"4,4,8,0",,
389,20,409,369,"389,20,409,369",,
47,0,47,47,"47,0,47,47",,
2676,0,2676,2676,"2676,0,2676,2676",,
48,312,360,-264,"48,312,360,-264",,
7,3,10,4,"7,3,10,4",,
7,3,10,4,"7,3,10,4",,
7,3,10,4,"7,3,10,4",,
7,3,10,4,"7,3,10,4",,
7,3,10,4,"7,3,10,4",,
71,60,131,11,"71,60,131,11",,
7,3,10,4,"7,3,10,4",,
1121,0,1121,1121,"1121,0,1121,1121",,
7,3,10,4,"7,3,10,4",,
259,978,1237,-719,"259,978,1237,-719",,
7,3,10,4,"7,3,10,4",,
7,3,10,4,"7,3,10,4",,
7,3,10,4,"7,3,10,4",,
7,3,10,4,"7,3,10,4",,
7,3,10,4,"7,3,10,4",,
7,3,10,4,"7,3,10,4",,
7,3,10,4,"7,3,10,4",,
7,3,10,4,"7,3,10,4",,
7,3,10,4,"7,3,10,4",,
209,5,214,204,"209,5,214,204",,
958,0,958,958,"958,0,958,958",,
2569,0,2569,2569,"2569,0,2569,2569",,
7,3,10,4,"7,3,10,4",,
140,5,145,135,"140,5,145,135",,
7,3,10,4,"7,3,10,4",,
7,3,10,4,"7,3,10,4",,
7,3,10,4,"7,3,10,4",,
7,3,10,4,"7,3,10,4",,
7,3,10,4,"7,3,10,4",,
7,3,10,4,"7,3,10,4",,
7,3,10,4,"7,3,10,4",,
34,14,48,20,"34,14,48,20",,
103,9,112,94,"103,9,112,94",,
63,0,63,63,"63,0,63,63",,
47,0,47,47,"47,0,47,47",,
374,62,436,312,"374,62,436,312",,
99,5,104,94,"99,5,104,94",,
78,31,109,47,"78,31,109,47",,
113,19,132,94,"113,19,132,94",,
4,4,8,0,"4,4,8,0",,
3,3,6,0,"3,3,6,0",,
121,27,148,94,"121,27,148,94",,
99,5,104,94,"99,5,104,94",,
3,3,6,0,"3,3,6,0",,
112,3,115,109,"112,3,115,109",,
2,0,2,2,"2,0,2,2",,
2,0,2,2,"2,0,2,2",,
2,0,2,2,"2,0,2,2",,
2,0,2,2,"2,0,2,2",,
2,0,2,2,"2,0,2,2",,
2,0,2,2,"2,0,2,2",,
2,0,2,2,"2,0,2,2",,
2,0,2,2,"2,0,2,2",,
2,0,2,2,"2,0,2,2",,
2,0,2,2,"2,0,2,2",,
2,0,2,2,"2,0,2,2",,
2,0,2,2,"2,0,2,2",,
2,0,2,2,"2,0,2,2",,
2,0,2,2,"2,0,2,2",,
2,0,2,2,"2,0,2,2",,
1062,0,1062,1062,"1062,0,1062,1062",,
2,0,2,2,"2,0,2,2",,
2,0,2,2,"2,0,2,2",,
2,0,2,2,"2,0,2,2",,
2,0,2,2,"2,0,2,2",,
2,0,2,2,"2,0,2,2",,
2,0,2,2,"2,0,2,2",,
2,0,2,2,"2,0,2,2",,
2,0,2,2,"2,0,2,2",,
2,0,2,2,"2,0,2,2",,
2,0,2,2,"2,0,2,2",,
2,0,2,2,"2,0,2,2",,
2,0,2,2,"2,0,2,2",,
2,0,2,2,"2,0,2,2",,
2,0,2,2,"2,0,2,2",,
2,0,2,2,"2,0,2,2",,
2,0,2,2,"2,0,2,2",,
2,0,2,2,"2,0,2,2",,
2,0,2,2,"2,0,2,2",,
2,0,2,2,"2,0,2,2",,
2,0,2,2,"2,0,2,2",,
2,0,2,2,"2,0,2,2",,
2,0,2,2,"2,0,2,2",,
2,0,2,2,"2,0,2,2",,
62,0,62,62,"62,0,62,62",,
2,0,2,2,"2,0,2,2",,
2,0,2,2,"2,0,2,2",,
2,0,2,2,"2,0,2,2",,
2,0,2,2,"2,0,2,2",,
2,0,2,2,"2,0,2,2",,
2,0,2,2,"2,0,2,2",,
2,0,2,2,"2,0,2,2",,
1207,0,1207,1207,"1207,0,1207,1207",,
4,2,6,2,"4,2,6,2",,
135,7,142,128,"135,7,142,128",,
2,0,2,2,"2,0,2,2",,
40,34,74,6,"40,34,74,6",,
53,5,58,48,"53,5,58,48",,
2,0,2,2,"2,0,2,2",,
2,0,2,2,"2,0,2,2",,
2,0,2,2,"2,0,2,2",,
2,0,2,2,"2,0,2,2",,
2,0,2,2,"2,0,2,2",,
2,0,2,2,"2,0,2,2",,
2,0,2,2,"2,0,2,2",,
2,0,2,2,"2,0,2,2",,
2,0,2,2,"2,0,2,2",,
2,0,2,2,"2,0,2,2",,
2,0,2,2,"2,0,2,2",,
2,0,2,2,"2,0,2,2",,
2,0,2,2,"2,0,2,2",,
2,0,2,2,"2,0,2,2",,
2,0,2,2,"2,0,2,2",,
2,0,2,2,"2,0,2,2",,
2,0,2,2,"2,0,2,2",,
2,0,2,2,"2,0,2,2",,
2,0,2,2,"2,0,2,2",,
39,28,67,11,"39,28,67,11",,
159,18,177,141,"159,18,177,141",,
113,17,130,96,"113,17,130,96",,
1723,475,2198,1248,"1723,475,2198,1248",,
84,20,104,64,"84,20,104,64",,
385,379,764,6,"385,379,764,6",,
1,1,2,0,"1,1,2,0",,
1,1,2,0,"1,1,2,0",,
1,1,2,0,"1,1,2,0",,
1,1,2,0,"1,1,2,0",,
9,3,12,6,"9,3,12,6",,
4,4,8,0,"4,4,8,0",,
4,4,8,0,"4,4,8,0",,
1,1,2,0,"1,1,2,0",,
2,0,2,2,"2,0,2,2",,
2,0,2,2,"2,0,2,2",,
2,0,2,2,"2,0,2,2",,
2,0,2,2,"2,0,2,2",,
2,0,2,2,"2,0,2,2",,
2,0,2,2,"2,0,2,2",,
2,0,2,2,"2,0,2,2",,
2,0,2,2,"2,0,2,2",,
2,0,2,2,"2,0,2,2",,
2,0,2,2,"2,0,2,2",,
2,0,2,2,"2,0,2,2",,
2,0,2,2,"2,0,2,2",,
3,0,3,3,"3,0,3,3",,
2,0,2,2,"2,0,2,2",,
2,0,2,2,"2,0,2,2",,
2,0,2,2,"2,0,2,2",,
2,0,2,2,"2,0,2,2",,
3,0,3,3,"3,0,3,3",,
2,0,2,2,"2,0,2,2",,
1,0,1,1,"1,0,1,1",,
3,0,3,3,"3,0,3,3",,
2,0,2,2,"2,0,2,2",,
2,0,2,2,"2,0,2,2",,
4,4,8,0,"4,4,8,0",,
1,1,2,0,"1,1,2,0",,
1,1,2,0,"1,1,2,0",,
0,0,0,0,"0,0,0,0",,
1,2,3,-1,"1,2,3,-1",,
12,17,29,-5,"12,17,29,-5",,
1,0,1,1,"1,0,1,1",,
1,0,1,1,"1,0,1,1",,
1,0,1,1,"1,0,1,1",,
1,0,1,1,"1,0,1,1",,
1,0,1,1,"1,0,1,1",,
2,0,2,2,"2,0,2,2",,
1,0,1,1,"1,0,1,1",,
1,0,1,1,"1,0,1,1",,
12,0,12,12,"12,0,12,12",,
63,0,63,63,"63,0,63,63",,
1,1,2,0,"1,1,2,0",,
1,1,2,0,"1,1,2,0",,
0,0,0,0,"0,0,0,0",,
3,2,5,1,"3,2,5,1",,
2,0,2,2,"2,0,2,2",,
6,1,7,5,"6,1,7,5",,
7,10,17,-3,"7,10,17,-3",,
1,1,2,0,"1,1,2,0",,
5,0,5,5,"5,0,5,5",,
2,2,4,0,"2,2,4,0",,
40,0,40,40,"40,0,40,40",,
107,0,107,107,"107,0,107,107",,
2,0,2,2,"2,0,2,2",,
9,9,18,0,"9,9,18,0",,
16,16,32,0,"16,16,32,0",,
11,1,12,10,"11,1,12,10",,
0,123,123,-123,"0,123,123,-123",,
1,0,1,1,"1,0,1,1",,
1,1,2,0,"1,1,2,0",,
6,0,6,6,"6,0,6,6",,
5,0,5,5,"5,0,5,5",,
8,0,8,8,"8,0,8,8",,
4,0,4,4,"4,0,4,4",,
1,1,2,0,"1,1,2,0",,
1,1,2,0,"1,1,2,0",,
1,1,2,0,"1,1,2,0",,
0,1,1,-1,"0,1,1,-1",,
0,1,1,-1,"0,1,1,-1",,
1,1,2,0,"1,1,2,0",,
2,2,4,0,"2,2,4,0",,
2,2,4,0,"2,2,4,0",,
1,1,2,0,"1,1,2,0",,
1,1,2,0,"1,1,2,0",,
1,1,2,0,"1,1,2,0",,
1,1,2,0,"1,1,2,0",,
1,1,2,0,"1,1,2,0",,
0,1,1,-1,"0,1,1,-1",,
3,0,3,3,"3,0,3,3",,
2,0,2,2,"2,0,2,2",,
13,5,18,8,"13,5,18,8",,
2,0,2,2,"2,0,2,2",,
6,1,7,5,"6,1,7,5",,
68,26,94,42,"68,26,94,42",,
2,1,3,1,"2,1,3,1",,
1,1,2,0,"1,1,2,0",,
1,1,2,0,"1,1,2,0",,
1,1,2,0,"1,1,2,0",,
2,0,2,2,"2,0,2,2",,
10,3,13,7,"10,3,13,7",,
3,0,3,3,"3,0,3,3",,
3,40,43,-37,"3,40,43,-37",,
2,0,2,2,"2,0,2,2",,
2,0,2,2,"2,0,2,2",,
3,0,3,3,"3,0,3,3",,
2,0,2,2,"2,0,2,2",,
1,0,1,1,"1,0,1,1",,
3,0,3,3,"3,0,3,3",,
2,0,2,2,"2,0,2,2",,
3,0,3,3,"3,0,3,3",,
3,0,3,3,"3,0,3,3",,
3,1,4,2,"3,1,4,2",,
4,1,5,3,"4,1,5,3",,
3,3,6,0,"3,3,6,0",,
2,2,4,0,"2,2,4,0",,
4,2,6,2,"4,2,6,2",,
2,2,4,0,"2,2,4,0",,
2,0,2,2,"2,0,2,2",,
2,0,2,2,"2,0,2,2",,
1,1,2,0,"1,1,2,0",,
2,0,2,2,"2,0,2,2",,
3,0,3,3,"3,0,3,3",,
3,0,3,3,"3,0,3,3",,
2,0,2,2,"2,0,2,2",,
2,0,2,2,"2,0,2,2",,
3,0,3,3,"3,0,3,3",,
9,2,11,7,"9,2,11,7",,
3,1,4,2,"3,1,4,2",,
10,5,15,5,"10,5,15,5",,
3,0,3,3,"3,0,3,3",,
3,0,3,3,"3,0,3,3",,
2,0,2,2,"2,0,2,2",,
32,35,67,-3,"32,35,67,-3",,
1,1,2,0,"1,1,2,0",,
218,0,218,218,"218,0,218,218",,
1,1,2,0,"1,1,2,0",,
6,3,9,3,"6,3,9,3",,
6,3,9,3,"6,3,9,3",,
0,1,1,-1,"0,1,1,-1",,
0,1,1,-1,"0,1,1,-1",,
14,2,16,12,"14,2,16,12",,
2,0,2,2,"2,0,2,2",,
3,0,3,3,"3,0,3,3",,
2,0,2,2,"2,0,2,2",,
3,1,4,2,"3,1,4,2",,
15,8,23,7,"15,8,23,7",,
2,0,2,2,"2,0,2,2",,
3,0,3,3,"3,0,3,3",,
3,0,3,3,"3,0,3,3",,
3,1,4,2,"3,1,4,2",,
3,1,4,2,"3,1,4,2",,
2,0,2,2,"2,0,2,2",,
1,0,1,1,"1,0,1,1",,
4,1,5,3,"4,1,5,3",,
7,0,7,7,"7,0,7,7",,
20,0,20,20,"20,0,20,20",,
38,0,38,38,"38,0,38,38",,
0,64,64,-64,"0,64,64,-64",,
40,0,40,40,"40,0,40,40",,
1,2,3,-1,"1,2,3,-1",,
0,2,2,-2,"0,2,2,-2",,
15,1,16,14,"15,1,16,14",,
26,0,26,26,"26,0,26,26",,
12,0,12,12,"12,0,12,12",,
1,1,2,0,"1,1,2,0",,
1,1,2,0,"1,1,2,0",,
1,1,2,0,"1,1,2,0",,
1,1,2,0,"1,1,2,0",,
5,3,8,2,"5,3,8,2",,
2,2,4,0,"2,2,4,0",,
7,1,8,6,"7,1,8,6",,
7,1,8,6,"7,1,8,6",,
1,1,2,0,"1,1,2,0",,
4,1,5,3,"4,1,5,3",,
4,3,7,1,"4,3,7,1",,
3,1,4,2,"3,1,4,2",,
3,1,4,2,"3,1,4,2",,
4,4,8,0,"4,4,8,0",,
1,1,2,0,"1,1,2,0",,
4,1,5,3,"4,1,5,3",,
1,1,2,0,"1,1,2,0",,
3,2,5,1,"3,2,5,1",,
2,2,4,0,"2,2,4,0",,
3,3,6,0,"3,3,6,0",,
1,1,2,0,"1,1,2,0",,
2,1,3,1,"2,1,3,1",,
1,0,1,1,"1,0,1,1",,
5,1,6,4,"5,1,6,4",,
3,1,4,2,"3,1,4,2",,
29,22,51,7,"29,22,51,7",,
16,16,32,0,"16,16,32,0",,
7,4,11,3,"7,4,11,3",,
1,0,1,1,"1,0,1,1",,
6,6,12,0,"6,6,12,0",,
3,1,4,2,"3,1,4,2",,
1,1,2,0,"1,1,2,0",,
6,1,7,5,"6,1,7,5",,
2,2,4,0,"2,2,4,0",,
4,1,5,3,"4,1,5,3",,
4,1,5,3,"4,1,5,3",,
1,1,2,0,"1,1,2,0",,
1,0,1,1,"1,0,1,1",,
1,1,2,0,"1,1,2,0",,
1,1,2,0,"1,1,2,0",,
1,1,2,0,"1,1,2,0",,
3,1,4,2,"3,1,4,2",,
3,1,4,2,"3,1,4,2",,
4,1,5,3,"4,1,5,3",,
2,0,2,2,"2,0,2,2",,
6,0,6,6,"6,0,6,6",,
2,0,2,2,"2,0,2,2",,
17,5,22,12,"17,5,22,12",,
58,8,66,50,"58,8,66,50",,
2,2,4,0,"2,2,4,0",,
144,0,144,144,"144,0,144,144",,
1,0,1,1,"1,0,1,1",,
10,0,10,10,"10,0,10,10",,
1,0,1,1,"1,0,1,1",,
10,0,10,10,"10,0,10,10",,
5,0,5,5,"5,0,5,5",,
1,0,1,1,"1,0,1,1",,
4,0,4,4,"4,0,4,4",,
3,1,4,2,"3,1,4,2",,
3,1,4,2,"3,1,4,2",,
3,1,4,2,"3,1,4,2",,
4,2,6,2,"4,2,6,2",,
10,3,13,7,"10,3,13,7",,
3,1,4,2,"3,1,4,2",,
4,1,5,3,"4,1,5,3",,
14,5,19,9,"14,5,19,9",,
3,1,4,2,"3,1,4,2",,
3,1,4,2,"3,1,4,2",,
3,1,4,2,"3,1,4,2",,
0,2,2,-2,"0,2,2,-2",,
0,2,2,-2,"0,2,2,-2",,
0,1,1,-1,"0,1,1,-1",,
0,1,1,-1,"0,1,1,-1",,
9,0,9,9,"9,0,9,9",,
1,0,1,1,"1,0,1,1",,
0,1,1,-1,"0,1,1,-1",,
0,1,1,-1,"0,1,1,-1",,
0,1,1,-1,"0,1,1,-1",,
3,1,4,2,"3,1,4,2",,
1,8,9,-7,"1,8,9,-7",,
62,7,69,55,"62,7,69,55",,
0,81,81,-81,"0,81,81,-81",,
0,21,21,-21,"0,21,21,-21",,
0,5,5,-5,"0,5,5,-5",,
0,5,5,-5,"0,5,5,-5",,
0,5,5,-5,"0,5,5,-5",,
0,5,5,-5,"0,5,5,-5",,
0,5,5,-5,"0,5,5,-5",,
0,5,5,-5,"0,5,5,-5",,
0,5,5,-5,"0,5,5,-5",,
0,5,5,-5,"0,5,5,-5",,
0,2,2,-2,"0,2,2,-2",,
0,5,5,-5,"0,5,5,-5",,
0,5,5,-5,"0,5,5,-5",,
0,5,5,-5,"0,5,5,-5",,
0,5,5,-5,"0,5,5,-5",,
0,5,5,-5,"0,5,5,-5",,
0,5,5,-5,"0,5,5,-5",,
0,5,5,-5,"0,5,5,-5",,
0,5,5,-5,"0,5,5,-5",,
0,6,6,-6,"0,6,6,-6",,
0,5,5,-5,"0,5,5,-5",,
0,5,5,-5,"0,5,5,-5",,
0,5,5,-5,"0,5,5,-5",,
0,5,5,-5,"0,5,5,-5",,
0,5,5,-5,"0,5,5,-5",,
0,5,5,-5,"0,5,5,-5",,
0,5,5,-5,"0,5,5,-5",,
0,5,5,-5,"0,5,5,-5",,
0,5,5,-5,"0,5,5,-5",,
0,5,5,-5,"0,5,5,-5",,
1,13,14,-12,"1,13,14,-12",,
0,5,5,-5,"0,5,5,-5",,
0,2,2,-2,"0,2,2,-2",,
0,5,5,-5,"0,5,5,-5",,
0,5,5,-5,"0,5,5,-5",,
0,5,5,-5,"0,5,5,-5",,
0,5,5,-5,"0,5,5,-5",,
0,2,2,-2,"0,2,2,-2",,
0,2,2,-2,"0,2,2,-2",,
0,5,5,-5,"0,5,5,-5",,
0,5,5,-5,"0,5,5,-5",,
0,198,198,-198,"0,198,198,-198",,
0,51,51,-51,"0,51,51,-51",,
10,0,10,10,"10,0,10,10",,
36,0,36,36,"36,0,36,36",,
16,0,16,16,"16,0,16,16",,
39,37,76,2,"39,37,76,2",,
1,1,2,0,"1,1,2,0",,
23,0,23,23,"23,0,23,23",,
57,0,57,57,"57,0,57,57",,
0,1,1,-1,"0,1,1,-1",,
1,0,1,1,"1,0,1,1",,
1,0,1,1,"1,0,1,1",,
69,0,69,69,"69,0,69,69",,
25,0,25,25,"25,0,25,25",,
4,0,4,4,"4,0,4,4",,
3,0,3,3,"3,0,3,3",,
1,0,1,1,"1,0,1,1",,
4,0,4,4,"4,0,4,4",,
59,0,59,59,"59,0,59,59",,
5,0,5,5,"5,0,5,5",,
6,0,6,6,"6,0,6,6",,
190,0,190,190,"190,0,190,190",,
78,0,78,78,"78,0,78,78",,
115,80,195,35,"115,80,195,35",,
34,4,38,30,"34,4,38,30",,
140,12,152,128,"140,12,152,128",,
6,6,12,0,"6,6,12,0",,
13,13,26,0,"13,13,26,0",,
20,20,40,0,"20,20,40,0",,
38,38,76,0,"38,38,76,0",,
47,47,94,0,"47,47,94,0",,
33,30,63,3,"33,30,63,3",,
18,16,34,2,"18,16,34,2",,
23,28,51,-5,"23,28,51,-5",,
7,12,19,-5,"7,12,19,-5",,
3,2,5,1,"3,2,5,1",,
102,103,205,-1,"102,103,205,-1",,
96,94,190,2,"96,94,190,2",,
29,32,61,-3,"29,32,61,-3",,
76,68,144,8,"76,68,144,8",,
37,33,70,4,"37,33,70,4",,
24,26,50,-2,"24,26,50,-2",,
225,228,453,-3,"225,228,453,-3",,
61,34,95,27,"61,34,95,27",,
70,73,143,-3,"70,73,143,-3",,
68,49,117,19,"68,49,117,19",,
254,118,372,136,"254,118,372,136",,
15,16,31,-1,"15,16,31,-1",,
35,38,73,-3,"35,38,73,-3",,
4,3,7,1,"4,3,7,1",,
2,2,4,0,"2,2,4,0",,
1,1,2,0,"1,1,2,0",,
1,1,2,0,"1,1,2,0",,
5,5,10,0,"5,5,10,0",,
3,3,6,0,"3,3,6,0",,
12,0,12,12,"12,0,12,12",,
5,0,5,5,"5,0,5,5",,
12,0,12,12,"12,0,12,12",,
2,1,3,1,"2,1,3,1",,
7,0,7,7,"7,0,7,7",,
17,1,18,16,"17,1,18,16",,
54,0,54,54,"54,0,54,54",,
14,2,16,12,"14,2,16,12",,
13,1,14,12,"13,1,14,12",,
2,0,2,2,"2,0,2,2",,
4,0,4,4,"4,0,4,4",,
14,3,17,11,"14,3,17,11",,
28,2,30,26,"28,2,30,26",,
1,1,2,0,"1,1,2,0",,
1,1,2,0,"1,1,2,0",,
12,5,17,7,"12,5,17,7",,
21,5,26,16,"21,5,26,16",,
2,1,3,1,"2,1,3,1",,
13,8,21,5,"13,8,21,5",,
8,2,10,6,"8,2,10,6",,
7,1,8,6,"7,1,8,6",,
2,2,4,0,"2,2,4,0",,
3,0,3,3,"3,0,3,3",,
21,0,21,21,"21,0,21,21",,
6,0,6,6,"6,0,6,6",,
4,0,4,4,"4,0,4,4",,
2,0,2,2,"2,0,2,2",,
10,0,10,10,"10,0,10,10",,
6,0,6,6,"6,0,6,6",,
2,0,2,2,"2,0,2,2",,
3,0,3,3,"3,0,3,3",,
5,0,5,5,"5,0,5,5",,
3,0,3,3,"3,0,3,3",,
14,0,14,14,"14,0,14,14",,
7,0,7,7,"7,0,7,7",,
35,0,35,35,"35,0,35,35",,
21,0,21,21,"21,0,21,21",,
2,0,2,2,"2,0,2,2",,
19,0,19,19,"19,0,19,19",,
7,2,9,5,"7,2,9,5",,
10,1,11,9,"10,1,11,9",,
48,0,48,48,"48,0,48,48",,
28,0,28,28,"28,0,28,28",,
4,0,4,4,"4,0,4,4",,
3,1,4,2,"3,1,4,2",,
12,1,13,11,"12,1,13,11",,
84,11,95,73,"84,11,95,73",,
11,4,15,7,"11,4,15,7",,
2,0,2,2,"2,0,2,2",,
44,6,50,38,"44,6,50,38",,
9,2,11,7,"9,2,11,7",,
6,1,7,5,"6,1,7,5",,
2,1,3,1,"2,1,3,1",,
5,0,5,5,"5,0,5,5",,
2,0,2,2,"2,0,2,2",,
1,1,2,0,"1,1,2,0",,
10,2,12,8,"10,2,12,8",,
0,1,1,-1,"0,1,1,-1",,
5,0,5,5,"5,0,5,5",,
2,0,2,2,"2,0,2,2",,
2,0,2,2,"2,0,2,2",,
2,0,2,2,"2,0,2,2",,
5,0,5,5,"5,0,5,5",,
8,0,8,8,"8,0,8,8",,
11,1,12,10,"11,1,12,10",,
3,1,4,2,"3,1,4,2",,
66,48,114,18,"66,48,114,18",,
33,8,41,25,"33,8,41,25",,
1,1,2,0,"1,1,2,0",,
1,1,2,0,"1,1,2,0",,
5,2,7,3,"5,2,7,3",,
3,1,4,2,"3,1,4,2",,
9,0,9,9,"9,0,9,9",,
1,0,1,1,"1,0,1,1",,
5,8,13,-3,"5,8,13,-3",,
0,1,1,-1,"0,1,1,-1",,
0,1,1,-1,"0,1,1,-1",,
0,1,1,-1,"0,1,1,-1",,
2,2,4,0,"2,2,4,0",,
60,1,61,59,"60,1,61,59",,
28,65,93,-37,"28,65,93,-37",,
1,0,1,1,"1,0,1,1",,
1,0,1,1,"1,0,1,1",,
3,2,5,1,"3,2,5,1",,
1,0,1,1,"1,0,1,1",,
1,0,1,1,"1,0,1,1",,
1,0,1,1,"1,0,1,1",,
1,0,1,1,"1,0,1,1",,
1,0,1,1,"1,0,1,1",,
1,0,1,1,"1,0,1,1",,
1,0,1,1,"1,0,1,1",,
1,0,1,1,"1,0,1,1",,
1,0,1,1,"1,0,1,1",,
1,0,1,1,"1,0,1,1",,
1,0,1,1,"1,0,1,1",,
1,0,1,1,"1,0,1,1",,
1,0,1,1,"1,0,1,1",,
1,0,1,1,"1,0,1,1",,
1,1,2,0,"1,1,2,0",,
55,32,87,23,"55,32,87,23",,
1,1,2,0,"1,1,2,0",,
2,2,4,0,"2,2,4,0",,
1,1,2,0,"1,1,2,0",,
1,1,2,0,"1,1,2,0",,
1,1,2,0,"1,1,2,0",,
1,1,2,0,"1,1,2,0",,
1,1,2,0,"1,1,2,0",,
1,1,2,0,"1,1,2,0",,
1,1,2,0,"1,1,2,0",,
1,1,2,0,"1,1,2,0",,
1,1,2,0,"1,1,2,0",,
1,1,2,0,"1,1,2,0",,
1,1,2,0,"1,1,2,0",,
1,1,2,0,"1,1,2,0",,
1,1,2,0,"1,1,2,0",,
1,1,2,0,"1,1,2,0",,
1,1,2,0,"1,1,2,0",,
1,1,2,0,"1,1,2,0",,
1,1,2,0,"1,1,2,0",,
1,1,2,0,"1,1,2,0",,
1,1,2,0,"1,1,2,0",,
1,1,2,0,"1,1,2,0",,
1,1,2,0,"1,1,2,0",,
1,1,2,0,"1,1,2,0",,
1,1,2,0,"1,1,2,0",,
1,1,2,0,"1,1,2,0",,
1,1,2,0,"1,1,2,0",,
1,1,2,0,"1,1,2,0",,
1,1,2,0,"1,1,2,0",,
1,1,2,0,"1,1,2,0",,
1,1,2,0,"1,1,2,0",,
1,1,2,0,"1,1,2,0",,
1,1,2,0,"1,1,2,0",,
1,1,2,0,"1,1,2,0",,
1,1,2,0,"1,1,2,0",,
1,1,2,0,"1,1,2,0",,
1,1,2,0,"1,1,2,0",,
1,1,2,0,"1,1,2,0",,
1,1,2,0,"1,1,2,0",,
1,1,2,0,"1,1,2,0",,
1,1,2,0,"1,1,2,0",,
1,1,2,0,"1,1,2,0",,
1,1,2,0,"1,1,2,0",,
1,1,2,0,"1,1,2,0",,
1,1,2,0,"1,1,2,0",,
1,1,2,0,"1,1,2,0",,
1,1,2,0,"1,1,2,0",,
1,1,2,0,"1,1,2,0",,
1,1,2,0,"1,1,2,0",,
1,1,2,0,"1,1,2,0",,
1,1,2,0,"1,1,2,0",,
1,1,2,0,"1,1,2,0",,
1,1,2,0,"1,1,2,0",,
1,1,2,0,"1,1,2,0",,
1,1,2,0,"1,1,2,0",,
1,1,2,0,"1,1,2,0",,
1,1,2,0,"1,1,2,0",,
1,1,2,0,"1,1,2,0",,
1,1,2,0,"1,1,2,0",,
1,1,2,0,"1,1,2,0",,
1,1,2,0,"1,1,2,0",,
1,1,2,0,"1,1,2,0",,
1,1,2,0,"1,1,2,0",,
1,1,2,0,"1,1,2,0",,
1,1,2,0,"1,1,2,0",,
1,1,2,0,"1,1,2,0",,
1,1,2,0,"1,1,2,0",,
1,1,2,0,"1,1,2,0",,
1,1,2,0,"1,1,2,0",,
1,1,2,0,"1,1,2,0",,
1,1,2,0,"1,1,2,0",,
1,1,2,0,"1,1,2,0",,
1,1,2,0,"1,1,2,0",,
1,1,2,0,"1,1,2,0",,
1,1,2,0,"1,1,2,0",,
1,1,2,0,"1,1,2,0",,
1,1,2,0,"1,1,2,0",,
1,1,2,0,"1,1,2,0",,
1,1,2,0,"1,1,2,0",,
1,1,2,0,"1,1,2,0",,
1,1,2,0,"1,1,2,0",,
1,1,2,0,"1,1,2,0",,
1,1,2,0,"1,1,2,0",,
1,1,2,0,"1,1,2,0",,
1,1,2,0,"1,1,2,0",,
1,1,2,0,"1,1,2,0",,
1,1,2,0,"1,1,2,0",,
1,1,2,0,"1,1,2,0",,
1,1,2,0,"1,1,2,0",,
1,1,2,0,"1,1,2,0",,
1,1,2,0,"1,1,2,0",,
1,1,2,0,"1,1,2,0",,
1,1,2,0,"1,1,2,0",,
1,1,2,0,"1,1,2,0",,
1,1,2,0,"1,1,2,0",,
1,1,2,0,"1,1,2,0",,
1,1,2,0,"1,1,2,0",,
1,1,2,0,"1,1,2,0",,
1,1,2,0,"1,1,2,0",,
1,1,2,0,"1,1,2,0",,
1,1,2,0,"1,1,2,0",,
1,1,2,0,"1,1,2,0",,
1,1,2,0,"1,1,2,0",,
1,1,2,0,"1,1,2,0",,
1,1,2,0,"1,1,2,0",,
1,1,2,0,"1,1,2,0",,
1,1,2,0,"1,1,2,0",,
1,1,2,0,"1,1,2,0",,
1,1,2,0,"1,1,2,0",,
1,1,2,0,"1,1,2,0",,
1,1,2,0,"1,1,2,0",,
1,1,2,0,"1,1,2,0",,
1,1,2,0,"1,1,2,0",,
1,1,2,0,"1,1,2,0",,
1,1,2,0,"1,1,2,0",,
1,1,2,0,"1,1,2,0",,
1,1,2,0,"1,1,2,0",,
1,1,2,0,"1,1,2,0",,
1,1,2,0,"1,1,2,0",,
1,1,2,0,"1,1,2,0",,
1,1,2,0,"1,1,2,0",,
1,1,2,0,"1,1,2,0",,
1,1,2,0,"1,1,2,0",,
1,1,2,0,"1,1,2,0",,
1,1,2,0,"1,1,2,0",,
1,1,2,0,"1,1,2,0",,
1,1,2,0,"1,1,2,0",,
1,1,2,0,"1,1,2,0",,
1,1,2,0,"1,1,2,0",,
1,1,2,0,"1,1,2,0",,
1,1,2,0,"1,1,2,0",,
1,1,2,0,"1,1,2,0",,
1,1,2,0,"1,1,2,0",,
1,1,2,0,"1,1,2,0",,
1,1,2,0,"1,1,2,0",,
1,1,2,0,"1,1,2,0",,
1,1,2,0,"1,1,2,0",,
1,1,2,0,"1,1,2,0",,
1,1,2,0,"1,1,2,0",,
1,1,2,0,"1,1,2,0",,
1,1,2,0,"1,1,2,0",,
1,1,2,0,"1,1,2,0",,
1,1,2,0,"1,1,2,0",,
1,1,2,0,"1,1,2,0",,
1,1,2,0,"1,1,2,0",,
1,1,2,0,"1,1,2,0",,
1,1,2,0,"1,1,2,0",,
2,0,2,2,"2,0,2,2",,
2,0,2,2,"2,0,2,2",,
1,1,2,0,"1,1,2,0",,
3,1,4,2,"3,1,4,2",,
3,1,4,2,"3,1,4,2",,
1,1,2,0,"1,1,2,0",,
3,1,4,2,"3,1,4,2",,
3,1,4,2,"3,1,4,2",,
4,1,5,3,"4,1,5,3",,
2,0,2,2,"2,0,2,2",,
1,1,2,0,"1,1,2,0",,
2,0,2,2,"2,0,2,2",,
1,1,2,0,"1,1,2,0",,
1,1,2,0,"1,1,2,0",,
2,0,2,2,"2,0,2,2",,
1,1,2,0,"1,1,2,0",,
1,1,2,0,"1,1,2,0",,
2,0,2,2,"2,0,2,2",,
2,0,2,2,"2,0,2,2",,
2,0,2,2,"2,0,2,2",,
1,1,2,0,"1,1,2,0",,
2,0,2,2,"2,0,2,2",,
4,2,6,2,"4,2,6,2",,
3,0,3,3,"3,0,3,3",,
2,0,2,2,"2,0,2,2",,
4,0,4,4,"4,0,4,4",,
2,0,2,2,"2,0,2,2",,
2,0,2,2,"2,0,2,2",,
4,1,5,3,"4,1,5,3",,
1,1,2,0,"1,1,2,0",,
1,1,2,0,"1,1,2,0",,
2,1,3,1,"2,1,3,1",,
9,5,14,4,"9,5,14,4",,
1,1,2,0,"1,1,2,0",,
9,6,15,3,"9,6,15,3",,
3,1,4,2,"3,1,4,2",,
6,0,6,6,"6,0,6,6",,
3,2,5,1,"3,2,5,1",,
2,0,2,2,"2,0,2,2",,
3,0,3,3,"3,0,3,3",,
4,0,4,4,"4,0,4,4",,
1,1,2,0,"1,1,2,0",,
8,6,14,2,"8,6,14,2",,
2,0,2,2,"2,0,2,2",,
1,1,2,0,"1,1,2,0",,
1,1,2,0,"1,1,2,0",,
1,1,2,0,"1,1,2,0",,
1,1,2,0,"1,1,2,0",,
1,1,2,0,"1,1,2,0",,
1,1,2,0,"1,1,2,0",,
2,0,2,2,"2,0,2,2",,
1,1,2,0,"1,1,2,0",,
3,1,4,2,"3,1,4,2",,
2,0,2,2,"2,0,2,2",,
3,0,3,3,"3,0,3,3",,
1,1,2,0,"1,1,2,0",,
1,1,2,0,"1,1,2,0",,
1,1,2,0,"1,1,2,0",,
1,1,2,0,"1,1,2,0",,
2,0,2,2,"2,0,2,2",,
1,1,2,0,"1,1,2,0",,
2,2,4,0,"2,2,4,0",,
5,7,12,-2,"5,7,12,-2",,
4,2,6,2,"4,2,6,2",,
1,1,2,0,"1,1,2,0",,
1,1,2,0,"1,1,2,0",,
1,1,2,0,"1,1,2,0",,
1,0,1,1,"1,0,1,1",,
1,1,2,0,"1,1,2,0",,
2,1,3,1,"2,1,3,1",,
2,1,3,1,"2,1,3,1",,
0,1,1,-1,"0,1,1,-1",,
1,1,2,0,"1,1,2,0",,
0,1,1,-1,"0,1,1,-1",,
0,2,2,-2,"0,2,2,-2",,
0,1,1,-1,"0,1,1,-1",,
2,0,2,2,"2,0,2,2",,
2,0,2,2,"2,0,2,2",,
2,0,2,2,"2,0,2,2",,
2,0,2,2,"2,0,2,2",,
2,0,2,2,"2,0,2,2",,
2,0,2,2,"2,0,2,2",,
2,0,2,2,"2,0,2,2",,
3,0,3,3,"3,0,3,3",,
2,0,2,2,"2,0,2,2",,
2,0,2,2,"2,0,2,2",,
2,0,2,2,"2,0,2,2",,
2,0,2,2,"2,0,2,2",,
2,0,2,2,"2,0,2,2",,
2,0,2,2,"2,0,2,2",,
2,0,2,2,"2,0,2,2",,
2,0,2,2,"2,0,2,2",,
2,0,2,2,"2,0,2,2",,
2,0,2,2,"2,0,2,2",,
2,0,2,2,"2,0,2,2",,
2,0,2,2,"2,0,2,2",,
2,0,2,2,"2,0,2,2",,
2,0,2,2,"2,0,2,2",,
2,0,2,2,"2,0,2,2",,
2,0,2,2,"2,0,2,2",,
2,0,2,2,"2,0,2,2",,
2,0,2,2,"2,0,2,2",,
2,0,2,2,"2,0,2,2",,
2,0,2,2,"2,0,2,2",,
2,0,2,2,"2,0,2,2",,
2,0,2,2,"2,0,2,2",,
2,0,2,2,"2,0,2,2",,
2,0,2,2,"2,0,2,2",,
3,0,3,3,"3,0,3,3",,
2,0,2,2,"2,0,2,2",,
3,0,3,3,"3,0,3,3",,
2,0,2,2,"2,0,2,2",,
2,0,2,2,"2,0,2,2",,
2,0,2,2,"2,0,2,2",,
2,0,2,2,"2,0,2,2",,
2,0,2,2,"2,0,2,2",,
2,0,2,2,"2,0,2,2",,
2,0,2,2,"2,0,2,2",,
3,0,3,3,"3,0,3,3",,
2,0,2,2,"2,0,2,2",,
2,0,2,2,"2,0,2,2",,
2,0,2,2,"2,0,2,2",,
2,0,2,2,"2,0,2,2",,
3,0,3,3,"3,0,3,3",,
2,0,2,2,"2,0,2,2",,
2,0,2,2,"2,0,2,2",,
2,0,2,2,"2,0,2,2",,
2,0,2,2,"2,0,2,2",,
2,0,2,2,"2,0,2,2",,
2,0,2,2,"2,0,2,2",,
2,0,2,2,"2,0,2,2",,
3,0,3,3,"3,0,3,3",,
1,0,1,1,"1,0,1,1",,
2,0,2,2,"2,0,2,2",,
2,0,2,2,"2,0,2,2",,
2,0,2,2,"2,0,2,2",,
2,0,2,2,"2,0,2,2",,
2,0,2,2,"2,0,2,2",,
2,0,2,2,"2,0,2,2",,
2,0,2,2,"2,0,2,2",,
2,0,2,2,"2,0,2,2",,
2,0,2,2,"2,0,2,2",,
2,0,2,2,"2,0,2,2",,
2,0,2,2,"2,0,2,2",,
2,0,2,2,"2,0,2,2",,
2,0,2,2,"2,0,2,2",,
2,0,2,2,"2,0,2,2",,
2,0,2,2,"2,0,2,2",,
2,0,2,2,"2,0,2,2",,
2,0,2,2,"2,0,2,2",,
2,0,2,2,"2,0,2,2",,
3,0,3,3,"3,0,3,3",,
2,0,2,2,"2,0,2,2",,
3,0,3,3,"3,0,3,3",,
2,0,2,2,"2,0,2,2",,
2,0,2,2,"2,0,2,2",,
2,0,2,2,"2,0,2,2",,
2,0,2,2,"2,0,2,2",,
3,0,3,3,"3,0,3,3",,
2,0,2,2,"2,0,2,2",,
2,0,2,2,"2,0,2,2",,
2,0,2,2,"2,0,2,2",,
2,0,2,2,"2,0,2,2",,
2,0,2,2,"2,0,2,2",,
2,0,2,2,"2,0,2,2",,
2,0,2,2,"2,0,2,2",,
2,0,2,2,"2,0,2,2",,
2,0,2,2,"2,0,2,2",,
3,0,3,3,"3,0,3,3",,
2,0,2,2,"2,0,2,2",,
2,0,2,2,"2,0,2,2",,
2,0,2,2,"2,0,2,2",,
3,0,3,3,"3,0,3,3",,
2,0,2,2,"2,0,2,2",,
2,0,2,2,"2,0,2,2",,
3,0,3,3,"3,0,3,3",,
2,0,2,2,"2,0,2,2",,
2,0,2,2,"2,0,2,2",,
2,0,2,2,"2,0,2,2",,
2,0,2,2,"2,0,2,2",,
2,0,2,2,"2,0,2,2",,
2,0,2,2,"2,0,2,2",,
2,0,2,2,"2,0,2,2",,
2,0,2,2,"2,0,2,2",,
2,0,2,2,"2,0,2,2",,
2,0,2,2,"2,0,2,2",,
2,0,2,2,"2,0,2,2",,
2,0,2,2,"2,0,2,2",,
2,0,2,2,"2,0,2,2",,
2,0,2,2,"2,0,2,2",,
2,0,2,2,"2,0,2,2",,
2,0,2,2,"2,0,2,2",,
2,0,2,2,"2,0,2,2",,
2,0,2,2,"2,0,2,2",,
2,0,2,2,"2,0,2,2",,
2,0,2,2,"2,0,2,2",,
2,0,2,2,"2,0,2,2",,
2,0,2,2,"2,0,2,2",,
2,0,2,2,"2,0,2,2",,
2,0,2,2,"2,0,2,2",,
2,0,2,2,"2,0,2,2",,
3,0,3,3,"3,0,3,3",,
2,0,2,2,"2,0,2,2",,
2,0,2,2,"2,0,2,2",,
2,0,2,2,"2,0,2,2",,
2,0,2,2,"2,0,2,2",,
2,0,2,2,"2,0,2,2",,
2,0,2,2,"2,0,2,2",,
2,0,2,2,"2,0,2,2",,
2,0,2,2,"2,0,2,2",,
2,0,2,2,"2,0,2,2",,
2,0,2,2,"2,0,2,2",,
2,0,2,2,"2,0,2,2",,
2,0,2,2,"2,0,2,2",,
2,0,2,2,"2,0,2,2",,
2,0,2,2,"2,0,2,2",,
2,0,2,2,"2,0,2,2",,
2,0,2,2,"2,0,2,2",,
2,0,2,2,"2,0,2,2",,
2,0,2,2,"2,0,2,2",,
3,0,3,3,"3,0,3,3",,
2,0,2,2,"2,0,2,2",,
2,0,2,2,"2,0,2,2",,
2,0,2,2,"2,0,2,2",,
2,0,2,2,"2,0,2,2",,
2,0,2,2,"2,0,2,2",,
2,0,2,2,"2,0,2,2",,
2,0,2,2,"2,0,2,2",,
2,0,2,2,"2,0,2,2",,
2,0,2,2,"2,0,2,2",,
2,0,2,2,"2,0,2,2",,
2,0,2,2,"2,0,2,2",,
2,0,2,2,"2,0,2,2",,
2,0,2,2,"2,0,2,2",,
2,0,2,2,"2,0,2,2",,
2,0,2,2,"2,0,2,2",,
2,0,2,2,"2,0,2,2",,
2,0,2,2,"2,0,2,2",,
2,0,2,2,"2,0,2,2",,
2,0,2,2,"2,0,2,2",,
2,0,2,2,"2,0,2,2",,
2,0,2,2,"2,0,2,2",,
3,0,3,3,"3,0,3,3",,
2,0,2,2,"2,0,2,2",,
2,0,2,2,"2,0,2,2",,
2,0,2,2,"2,0,2,2",,
3,0,3,3,"3,0,3,3",,
2,0,2,2,"2,0,2,2",,
2,0,2,2,"2,0,2,2",,
2,0,2,2,"2,0,2,2",,
2,0,2,2,"2,0,2,2",,
2,0,2,2,"2,0,2,2",,
2,0,2,2,"2,0,2,2",,
3,0,3,3,"3,0,3,3",,
2,0,2,2,"2,0,2,2",,
2,0,2,2,"2,0,2,2",,
2,0,2,2,"2,0,2,2",,
2,0,2,2,"2,0,2,2",,
2,0,2,2,"2,0,2,2",,
2,0,2,2,"2,0,2,2",,
2,0,2,2,"2,0,2,2",,
2,0,2,2,"2,0,2,2",,
2,0,2,2,"2,0,2,2",,
3,0,3,3,"3,0,3,3",,
2,0,2,2,"2,0,2,2",,
2,0,2,2,"2,0,2,2",,
2,0,2,2,"2,0,2,2",,
2,0,2,2,"2,0,2,2",,
2,0,2,2,"2,0,2,2",,
3,0,3,3,"3,0,3,3",,
3,0,3,3,"3,0,3,3",,
2,0,2,2,"2,0,2,2",,
2,0,2,2,"2,0,2,2",,
2,0,2,2,"2,0,2,2",,
2,0,2,2,"2,0,2,2",,
2,0,2,2,"2,0,2,2",,
2,0,2,2,"2,0,2,2",,
2,0,2,2,"2,0,2,2",,
2,0,2,2,"2,0,2,2",,
2,0,2,2,"2,0,2,2",,
2,0,2,2,"2,0,2,2",,
2,0,2,2,"2,0,2,2",,
3,1,4,2,"3,1,4,2",,
2,0,2,2,"2,0,2,2",,
2,0,2,2,"2,0,2,2",,
2,0,2,2,"2,0,2,2",,
4,2,6,2,"4,2,6,2",,
2,0,2,2,"2,0,2,2",,
2,0,2,2,"2,0,2,2",,
2,0,2,2,"2,0,2,2",,
2,0,2,2,"2,0,2,2",,
8,12,20,-4,"8,12,20,-4",,
13,5,18,8,"13,5,18,8",,
2,0,2,2,"2,0,2,2",,
2,0,2,2,"2,0,2,2",,
2,0,2,2,"2,0,2,2",,
3,1,4,2,"3,1,4,2",,
2,0,2,2,"2,0,2,2",,
4,1,5,3,"4,1,5,3",,
13,5,18,8,"13,5,18,8",,
2,0,2,2,"2,0,2,2",,
2,0,2,2,"2,0,2,2",,
5,2,7,3,"5,2,7,3",,
2,0,2,2,"2,0,2,2",,
2,0,2,2,"2,0,2,2",,
2,0,2,2,"2,0,2,2",,
3,1,4,2,"3,1,4,2",,
3,0,3,3,"3,0,3,3",,
2,0,2,2,"2,0,2,2",,
2,0,2,2,"2,0,2,2",,
2,0,2,2,"2,0,2,2",,
2,0,2,2,"2,0,2,2",,
2,0,2,2,"2,0,2,2",,
3,1,4,2,"3,1,4,2",,
2,0,2,2,"2,0,2,2",,
2,0,2,2,"2,0,2,2",,
1,0,1,1,"1,0,1,1",,
4,2,6,2,"4,2,6,2",,
5,2,7,3,"5,2,7,3",,
3,0,3,3,"3,0,3,3",,
6,4,10,2,"6,4,10,2",,
3,0,3,3,"3,0,3,3",,
3,2,5,1,"3,2,5,1",,
3,0,3,3,"3,0,3,3",,
2,0,2,2,"2,0,2,2",,
2,0,2,2,"2,0,2,2",,
2,0,2,2,"2,0,2,2",,
1,0,1,1,"1,0,1,1",,
2,0,2,2,"2,0,2,2",,
2,0,2,2,"2,0,2,2",,
5,2,7,3,"5,2,7,3",,
4,1,5,3,"4,1,5,3",,
4,1,5,3,"4,1,5,3",,
3,0,3,3,"3,0,3,3",,
2,0,2,2,"2,0,2,2",,
6,5,11,1,"6,5,11,1",,
2,0,2,2,"2,0,2,2",,
3,0,3,3,"3,0,3,3",,
12,5,17,7,"12,5,17,7",,
4,1,5,3,"4,1,5,3",,
2,0,2,2,"2,0,2,2",,
2,0,2,2,"2,0,2,2",,
2,0,2,2,"2,0,2,2",,
2,0,2,2,"2,0,2,2",,
2,0,2,2,"2,0,2,2",,
2,0,2,2,"2,0,2,2",,
2,0,2,2,"2,0,2,2",,
34,0,34,34,"34,0,34,34",,
2,1,3,1,"2,1,3,1",,
14,3,17,11,"14,3,17,11",,
4,1,5,3,"4,1,5,3",,
16,0,16,16,"16,0,16,16",,
3,1,4,2,"3,1,4,2",,
6,0,6,6,"6,0,6,6",,
12,4,16,8,"12,4,16,8",,
2,0,2,2,"2,0,2,2",,
48,17,65,31,"48,17,65,31",,
6,1,7,5,"6,1,7,5",,
4,1,5,3,"4,1,5,3",,
17,6,23,11,"17,6,23,11",,
11,0,11,11,"11,0,11,11",,
43,8,51,35,"43,8,51,35",,
5,1,6,4,"5,1,6,4",,
6,4,10,2,"6,4,10,2",,
8,2,10,6,"8,2,10,6",,
9,6,15,3,"9,6,15,3",,
0,1,1,-1,"0,1,1,-1",,
61,19,80,42,"61,19,80,42",,
2,0,2,2,"2,0,2,2",,
1,0,1,1,"1,0,1,1",,
1,1,2,0,"1,1,2,0",,
1,1,2,0,"1,1,2,0",,
0,1,1,-1,"0,1,1,-1",,
0,7,7,-7,"0,7,7,-7",,
6,0,6,6,"6,0,6,6",,
3,3,6,0,"3,3,6,0",,
2,2,4,0,"2,2,4,0",,
0,1,1,-1,"0,1,1,-1",,
1,0,1,1,"1,0,1,1",,
1,1,2,0,"1,1,2,0",,
1,1,2,0,"1,1,2,0",,
1,1,2,0,"1,1,2,0",,
2,2,4,0,"2,2,4,0",,
2,2,4,0,"2,2,4,0",,
2,2,4,0,"2,2,4,0",,
1,1,2,0,"1,1,2,0",,
0,1,1,-1,"0,1,1,-1",,
4,0,4,4,"4,0,4,4",,
3,1,4,2,"3,1,4,2",,
1,0,1,1,"1,0,1,1",,
1,1,2,0,"1,1,2,0",,
1,1,2,0,"1,1,2,0",,
0,1,1,-1,"0,1,1,-1",,
1,0,1,1,"1,0,1,1",,
1,1,2,0,"1,1,2,0",,
1,1,2,0,"1,1,2,0",,
1,1,2,0,"1,1,2,0",,
0,1,1,-1,"0,1,1,-1",,
4,0,4,4,"4,0,4,4",,
2,1,3,1,"2,1,3,1",,
1,1,2,0,"1,1,2,0",,
0,2,2,-2,"0,2,2,-2",,
1,0,1,1,"1,0,1,1",,
1,1,2,0,"1,1,2,0",,
1,1,2,0,"1,1,2,0",,
1,1,2,0,"1,1,2,0",,
1,1,2,0,"1,1,2,0",,
1,1,2,0,"1,1,2,0",,
1,1,2,0,"1,1,2,0",,
1,1,2,0,"1,1,2,0",,
1,1,2,0,"1,1,2,0",,
1,1,2,0,"1,1,2,0",,
1,1,2,0,"1,1,2,0",,
1,1,2,0,"1,1,2,0",,
1,1,2,0,"1,1,2,0",,
1,1,2,0,"1,1,2,0",,
1,1,2,0,"1,1,2,0",,
1,1,2,0,"1,1,2,0",,
2,0,2,2,"2,0,2,2",,
1,1,2,0,"1,1,2,0",,
1,1,2,0,"1,1,2,0",,
1,1,2,0,"1,1,2,0",,
1,1,2,0,"1,1,2,0",,
0,3,3,-3,"0,3,3,-3",,
1,1,2,0,"1,1,2,0",,
1,1,2,0,"1,1,2,0",,
1,1,2,0,"1,1,2,0",,
1,1,2,0,"1,1,2,0",,
1,1,2,0,"1,1,2,0",,
1,1,2,0,"1,1,2,0",,
1,1,2,0,"1,1,2,0",,
1,1,2,0,"1,1,2,0",,
1,1,2,0,"1,1,2,0",,
1,1,2,0,"1,1,2,0",,
1,1,2,0,"1,1,2,0",,
1,1,2,0,"1,1,2,0",,
1,1,2,0,"1,1,2,0",,
3,3,6,0,"3,3,6,0",,
4,4,8,0,"4,4,8,0",,
4,4,8,0,"4,4,8,0",,
3,3,6,0,"3,3,6,0",,
3,3,6,0,"3,3,6,0",,
11,2,13,9,"11,2,13,9",,
3,3,6,0,"3,3,6,0",,
0,1,1,-1,"0,1,1,-1",,
4,4,8,0,"4,4,8,0",,
4,4,8,0,"4,4,8,0",,
3,3,6,0,"3,3,6,0",,
4,4,8,0,"4,4,8,0",,
4,4,8,0,"4,4,8,0",,
4,4,8,0,"4,4,8,0",,
4,4,8,0,"4,4,8,0",,
1,1,2,0,"1,1,2,0",,
1,1,2,0,"1,1,2,0",,
2,0,2,2,"2,0,2,2",,
1,1,2,0,"1,1,2,0",,
1,1,2,0,"1,1,2,0",,
0,1,1,-1,"0,1,1,-1",,
1,1,2,0,"1,1,2,0",,
1,1,2,0,"1,1,2,0",,
1,1,2,0,"1,1,2,0",,
1,1,2,0,"1,1,2,0",,
1,1,2,0,"1,1,2,0",,
1,1,2,0,"1,1,2,0",,
1,1,2,0,"1,1,2,0",,
1,1,2,0,"1,1,2,0",,
1,1,2,0,"1,1,2,0",,
2,0,2,2,"2,0,2,2",,
1,1,2,0,"1,1,2,0",,
1,1,2,0,"1,1,2,0",,
1,1,2,0,"1,1,2,0",,
1,1,2,0,"1,1,2,0",,
0,1,1,-1,"0,1,1,-1",,
1,1,2,0,"1,1,2,0",,
1,1,2,0,"1,1,2,0",,
1,1,2,0,"1,1,2,0",,
1,1,2,0,"1,1,2,0",,
1,1,2,0,"1,1,2,0",,
1,1,2,0,"1,1,2,0",,
1,1,2,0,"1,1,2,0",,
3,1,4,2,"3,1,4,2",,
1,1,2,0,"1,1,2,0",,
1,1,2,0,"1,1,2,0",,
1,1,2,0,"1,1,2,0",,
1,1,2,0,"1,1,2,0",,
1,1,2,0,"1,1,2,0",,
1,1,2,0,"1,1,2,0",,
1,1,2,0,"1,1,2,0",,
1,1,2,0,"1,1,2,0",,
8,4,12,4,"8,4,12,4",,
3,0,3,3,"3,0,3,3",,
4,0,4,4,"4,0,4,4",,
1,0,1,1,"1,0,1,1",,
14,11,25,3,"14,11,25,3",,
1,0,1,1,"1,0,1,1",,
1,1,2,0,"1,1,2,0",,
2,1,3,1,"2,1,3,1",,
10,5,15,5,"10,5,15,5",,
1,1,2,0,"1,1,2,0",,
1,2,3,-1,"1,2,3,-1",,
2,2,4,0,"2,2,4,0",,
1,1,2,0,"1,1,2,0",,
58,5,63,53,"58,5,63,53",,
9,0,9,9,"9,0,9,9",,
2,1,3,1,"2,1,3,1",,
9,2,11,7,"9,2,11,7",,
25,6,31,19,"25,6,31,19",,
2,2,4,0,"2,2,4,0",,
2,0,2,2,"2,0,2,2",,
36,0,36,36,"36,0,36,36",,
1,0,1,1,"1,0,1,1",,
9,2,11,7,"9,2,11,7",,
2,1,3,1,"2,1,3,1",,
3,1,4,2,"3,1,4,2",,
7,3,10,4,"7,3,10,4",,
1,1,2,0,"1,1,2,0",,
2,2,4,0,"2,2,4,0",,
34,0,34,34,"34,0,34,34",,
4,0,4,4,"4,0,4,4",,
6,0,6,6,"6,0,6,6",,
35,0,35,35,"35,0,35,35",,
36,0,36,36,"36,0,36,36",,
3,0,3,3,"3,0,3,3",,
5,0,5,5,"5,0,5,5",,
5,0,5,5,"5,0,5,5",,
8,4,12,4,"8,4,12,4",,
5,4,9,1,"5,4,9,1",,
2,1,3,1,"2,1,3,1",,
4,4,8,0,"4,4,8,0",,
2,1,3,1,"2,1,3,1",,
2,2,4,0,"2,2,4,0",,
27,2,29,25,"27,2,29,25",,
2,3,5,-1,"2,3,5,-1",,
2,2,4,0,"2,2,4,0",,
2,0,2,2,"2,0,2,2",,
2,2,4,0,"2,2,4,0",,
0,1,1,-1,"0,1,1,-1",,
1,0,1,1,"1,0,1,1",,
1,1,2,0,"1,1,2,0",,
1,1,2,0,"1,1,2,0",,
19,3,22,16,"19,3,22,16",,
100,0,100,100,"100,0,100,100",,
1,1,2,0,"1,1,2,0",,
1,1,2,0,"1,1,2,0",,
1,1,2,0,"1,1,2,0",,
1,1,2,0,"1,1,2,0",,
1,1,2,0,"1,1,2,0",,
1,1,2,0,"1,1,2,0",,
1,1,2,0,"1,1,2,0",,
1,1,2,0,"1,1,2,0",,
1,1,2,0,"1,1,2,0",,
1,1,2,0,"1,1,2,0",,
1,1,2,0,"1,1,2,0",,
1,1,2,0,"1,1,2,0",,
1,1,2,0,"1,1,2,0",,
1,1,2,0,"1,1,2,0",,
1,1,2,0,"1,1,2,0",,
1,1,2,0,"1,1,2,0",,
1,1,2,0,"1,1,2,0",,
1,1,2,0,"1,1,2,0",,
1,1,2,0,"1,1,2,0",,
1,1,2,0,"1,1,2,0",,
1,0,1,1,"1,0,1,1",,
0,25,25,-25,"0,25,25,-25",,
1,1,2,0,"1,1,2,0",,
1,1,2,0,"1,1,2,0",,
1,1,2,0,"1,1,2,0",,
1,1,2,0,"1,1,2,0",,
1,1,2,0,"1,1,2,0",,
1,1,2,0,"1,1,2,0",,
1,1,2,0,"1,1,2,0",,
1,1,2,0,"1,1,2,0",,
1,1,2,0,"1,1,2,0",,
1,1,2,0,"1,1,2,0",,
1,1,2,0,"1,1,2,0",,
1,1,2,0,"1,1,2,0",,
1,1,2,0,"1,1,2,0",,
1,1,2,0,"1,1,2,0",,
1,1,2,0,"1,1,2,0",,
1,1,2,0,"1,1,2,0",,
1,1,2,0,"1,1,2,0",,
1,1,2,0,"1,1,2,0",,
1,1,2,0,"1,1,2,0",,
1,1,2,0,"1,1,2,0",,
1,1,2,0,"1,1,2,0",,
1,1,2,0,"1,1,2,0",,
1,1,2,0,"1,1,2,0",,
1,1,2,0,"1,1,2,0",,
1,1,2,0,"1,1,2,0",,
1,1,2,0,"1,1,2,0",,
1,1,2,0,"1,1,2,0",,
1,1,2,0,"1,1,2,0",,
1,1,2,0,"1,1,2,0",,
1,1,2,0,"1,1,2,0",,
1,1,2,0,"1,1,2,0",,
1,1,2,0,"1,1,2,0",,
1,1,2,0,"1,1,2,0",,
1,1,2,0,"1,1,2,0",,
1,1,2,0,"1,1,2,0",,
1,1,2,0,"1,1,2,0",,
1,1,2,0,"1,1,2,0",,
1,1,2,0,"1,1,2,0",,
1,1,2,0,"1,1,2,0",,
1,1,2,0,"1,1,2,0",,
1,1,2,0,"1,1,2,0",,
1,1,2,0,"1,1,2,0",,
1,1,2,0,"1,1,2,0",,
1,1,2,0,"1,1,2,0",,
1,1,2,0,"1,1,2,0",,
1,1,2,0,"1,1,2,0",,
1,1,2,0,"1,1,2,0",,
1,1,2,0,"1,1,2,0",,
1,1,2,0,"1,1,2,0",,
1,1,2,0,"1,1,2,0",,
1,0,1,1,"1,0,1,1",,
4,0,4,4,"4,0,4,4",,
18,0,18,18,"18,0,18,18",,
4,0,4,4,"4,0,4,4",,
5,1,6,4,"5,1,6,4",,
1,1,2,0,"1,1,2,0",,
5,0,5,5,"5,0,5,5",,
1,6,7,-5,"1,6,7,-5",,
5,1,6,4,"5,1,6,4",,
26,0,26,26,"26,0,26,26",,
16,0,16,16,"16,0,16,16",,
8,3,11,5,"8,3,11,5",,
28,0,28,28,"28,0,28,28",,
1,1,2,0,"1,1,2,0",,
33,0,33,33,"33,0,33,33",,
6,0,6,6,"6,0,6,6",,
8,1,9,7,"8,1,9,7",,
18,0,18,18,"18,0,18,18",,
1,1,2,0,"1,1,2,0",,
3,0,3,3,"3,0,3,3",,
2,0,2,2,"2,0,2,2",,
1,1,2,0,"1,1,2,0",,
1,2,3,-1,"1,2,3,-1",,
6,1,7,5,"6,1,7,5",,
12,0,12,12,"12,0,12,12",,
0,2,2,-2,"0,2,2,-2",,
11,20,31,-9,"11,20,31,-9",,
16,11,27,5,"16,11,27,5",,
1,1,2,0,"1,1,2,0",,
1,1,2,0,"1,1,2,0",,
3,0,3,3,"3,0,3,3",,
0,1,1,-1,"0,1,1,-1",,
0,4,4,-4,"0,4,4,-4",,
2,1,3,1,"2,1,3,1",,
4,0,4,4,"4,0,4,4",,
3,1,4,2,"3,1,4,2",,
1,1,2,0,"1,1,2,0",,
2,0,2,2,"2,0,2,2",,
3,5,8,-2,"3,5,8,-2",,
2,0,2,2,"2,0,2,2",,
0,7,7,-7,"0,7,7,-7",,
1,1,2,0,"1,1,2,0",,
1,1,2,0,"1,1,2,0",,
359,219,578,140,"359,219,578,140",,
4,2,6,2,"4,2,6,2",,
212,35,247,177,"212,35,247,177",,
4,2,6,2,"4,2,6,2",,
4,2,6,2,"4,2,6,2",,
4,2,6,2,"4,2,6,2",,
7,5,12,2,"7,5,12,2",,
4,2,6,2,"4,2,6,2",,
4,2,6,2,"4,2,6,2",,
4,2,6,2,"4,2,6,2",,
4,2,6,2,"4,2,6,2",,
4,2,6,2,"4,2,6,2",,
4,2,6,2,"4,2,6,2",,
4,2,6,2,"4,2,6,2",,
4,2,6,2,"4,2,6,2",,
4,2,6,2,"4,2,6,2",,
4,2,6,2,"4,2,6,2",,
4,2,6,2,"4,2,6,2",,
4,2,6,2,"4,2,6,2",,
4,2,6,2,"4,2,6,2",,
60,50,110,10,"60,50,110,10",,
4,2,6,2,"4,2,6,2",,
4,2,6,2,"4,2,6,2",,
4,2,6,2,"4,2,6,2",,
4,2,6,2,"4,2,6,2",,
4,2,6,2,"4,2,6,2",,
4,2,6,2,"4,2,6,2",,
4,2,6,2,"4,2,6,2",,
4,2,6,2,"4,2,6,2",,
4,2,6,2,"4,2,6,2",,
4,2,6,2,"4,2,6,2",,
4,2,6,2,"4,2,6,2",,
4,2,6,2,"4,2,6,2",,
4,2,6,2,"4,2,6,2",,
4,2,6,2,"4,2,6,2",,
4,2,6,2,"4,2,6,2",,
4,2,6,2,"4,2,6,2",,
55,2,57,53,"55,2,57,53",,
4,2,6,2,"4,2,6,2",,
40,2,42,38,"40,2,42,38",,
73,2,75,71,"73,2,75,71",,
4,2,6,2,"4,2,6,2",,
4,2,6,2,"4,2,6,2",,
120,2,122,118,"120,2,122,118",,
4,2,6,2,"4,2,6,2",,
4,2,6,2,"4,2,6,2",,
4,2,6,2,"4,2,6,2",,
4,2,6,2,"4,2,6,2",,
4,2,6,2,"4,2,6,2",,
4,2,6,2,"4,2,6,2",,
4,2,6,2,"4,2,6,2",,
4,2,6,2,"4,2,6,2",,
68,2,70,66,"68,2,70,66",,
4,2,6,2,"4,2,6,2",,
50,7,57,43,"50,7,57,43",,
4,2,6,2,"4,2,6,2",,
4,2,6,2,"4,2,6,2",,
4,2,6,2,"4,2,6,2",,
4,2,6,2,"4,2,6,2",,
7,5,12,2,"7,5,12,2",,
4,2,6,2,"4,2,6,2",,
4,2,6,2,"4,2,6,2",,
4,2,6,2,"4,2,6,2",,
4,2,6,2,"4,2,6,2",,
4,2,6,2,"4,2,6,2",,
4,2,6,2,"4,2,6,2",,
4,2,6,2,"4,2,6,2",,
4,2,6,2,"4,2,6,2",,
4,2,6,2,"4,2,6,2",,
4,2,6,2,"4,2,6,2",,
4,2,6,2,"4,2,6,2",,
4,2,6,2,"4,2,6,2",,
4,2,6,2,"4,2,6,2",,
4,2,6,2,"4,2,6,2",,
4,2,6,2,"4,2,6,2",,
4,2,6,2,"4,2,6,2",,
4,2,6,2,"4,2,6,2",,
4,2,6,2,"4,2,6,2",,
4,2,6,2,"4,2,6,2",,
4,2,6,2,"4,2,6,2",,
4,2,6,2,"4,2,6,2",,
4,2,6,2,"4,2,6,2",,
4,2,6,2,"4,2,6,2",,
4,2,6,2,"4,2,6,2",,
4,2,6,2,"4,2,6,2",,
4,2,6,2,"4,2,6,2",,
4,2,6,2,"4,2,6,2",,
4,2,6,2,"4,2,6,2",,
4,2,6,2,"4,2,6,2",,
4,2,6,2,"4,2,6,2",,
4,2,6,2,"4,2,6,2",,
4,2,6,2,"4,2,6,2",,
4,2,6,2,"4,2,6,2",,
4,2,6,2,"4,2,6,2",,
4,2,6,2,"4,2,6,2",,
4,2,6,2,"4,2,6,2",,
4,2,6,2,"4,2,6,2",,
4,2,6,2,"4,2,6,2",,
4,2,6,2,"4,2,6,2",,
4,2,6,2,"4,2,6,2",,
4,2,6,2,"4,2,6,2",,
4,2,6,2,"4,2,6,2",,
5,2,7,3,"5,2,7,3",,
5,2,7,3,"5,2,7,3",,
5,2,7,3,"5,2,7,3",,
5,2,7,3,"5,2,7,3",,
5,2,7,3,"5,2,7,3",,
5,2,7,3,"5,2,7,3",,
632,0,632,632,"632,0,632,632",,
5,2,7,3,"5,2,7,3",,
5,2,7,3,"5,2,7,3",,
5,2,7,3,"5,2,7,3",,
5,2,7,3,"5,2,7,3",,
5,2,7,3,"5,2,7,3",,
12,12,24,0,"12,12,24,0",,
5,2,7,3,"5,2,7,3",,
5,2,7,3,"5,2,7,3",,
5,2,7,3,"5,2,7,3",,
6,9,15,-3,"6,9,15,-3",,
5,2,7,3,"5,2,7,3",,
5,2,7,3,"5,2,7,3",,
5,2,7,3,"5,2,7,3",,
5,2,7,3,"5,2,7,3",,
11,4,15,7,"11,4,15,7",,
4,2,6,2,"4,2,6,2",,
4,2,6,2,"4,2,6,2",,
4,2,6,2,"4,2,6,2",,
4,2,6,2,"4,2,6,2",,
4,2,6,2,"4,2,6,2",,
4,2,6,2,"4,2,6,2",,
4,2,6,2,"4,2,6,2",,
4,2,6,2,"4,2,6,2",,
4,2,6,2,"4,2,6,2",,
4,2,6,2,"4,2,6,2",,
4,2,6,2,"4,2,6,2",,
4,2,6,2,"4,2,6,2",,
4,2,6,2,"4,2,6,2",,
4,2,6,2,"4,2,6,2",,
4,2,6,2,"4,2,6,2",,
4,2,6,2,"4,2,6,2",,
4,2,6,2,"4,2,6,2",,
4,2,6,2,"4,2,6,2",,
4,2,6,2,"4,2,6,2",,
4,2,6,2,"4,2,6,2",,
4,2,6,2,"4,2,6,2",,
4,2,6,2,"4,2,6,2",,
4,2,6,2,"4,2,6,2",,
4,2,6,2,"4,2,6,2",,
4,2,6,2,"4,2,6,2",,
4,2,6,2,"4,2,6,2",,
4,2,6,2,"4,2,6,2",,
4,2,6,2,"4,2,6,2",,
4,2,6,2,"4,2,6,2",,
4,2,6,2,"4,2,6,2",,
4,2,6,2,"4,2,6,2",,
4,2,6,2,"4,2,6,2",,
4,2,6,2,"4,2,6,2",,
4,2,6,2,"4,2,6,2",,
4,2,6,2,"4,2,6,2",,
4,2,6,2,"4,2,6,2",,
4,2,6,2,"4,2,6,2",,
4,2,6,2,"4,2,6,2",,
101,5,106,96,"101,5,106,96",,
4,2,6,2,"4,2,6,2",,
4,2,6,2,"4,2,6,2",,
4,2,6,2,"4,2,6,2",,
104,8,112,96,"104,8,112,96",,
4,2,6,2,"4,2,6,2",,
4,2,6,2,"4,2,6,2",,
4,2,6,2,"4,2,6,2",,
4,2,6,2,"4,2,6,2",,
4,2,6,2,"4,2,6,2",,
4,2,6,2,"4,2,6,2",,
116,2,118,114,"116,2,118,114",,
5,2,7,3,"5,2,7,3",,
5,2,7,3,"5,2,7,3",,
5,2,7,3,"5,2,7,3",,
679,0,679,679,"679,0,679,679",,
5,2,7,3,"5,2,7,3",,
5,2,7,3,"5,2,7,3",,
5,2,7,3,"5,2,7,3",,
9,2,11,7,"9,2,11,7",,
4,2,6,2,"4,2,6,2",,
4,2,6,2,"4,2,6,2",,
4,2,6,2,"4,2,6,2",,
4,2,6,2,"4,2,6,2",,
4,2,6,2,"4,2,6,2",,
4,2,6,2,"4,2,6,2",,
4,2,6,2,"4,2,6,2",,
4,2,6,2,"4,2,6,2",,
4,2,6,2,"4,2,6,2",,
4,2,6,2,"4,2,6,2",,
4,2,6,2,"4,2,6,2",,
4,2,6,2,"4,2,6,2",,
4,2,6,2,"4,2,6,2",,
4,2,6,2,"4,2,6,2",,
4,2,6,2,"4,2,6,2",,
4,2,6,2,"4,2,6,2",,
642,0,642,642,"642,0,642,642",,
392,22,414,370,"392,22,414,370",,
5,2,7,3,"5,2,7,3",,
5,2,7,3,"5,2,7,3",,
65,17,82,48,"65,17,82,48",,
5,2,7,3,"5,2,7,3",,
5,2,7,3,"5,2,7,3",,
5,2,7,3,"5,2,7,3",,
5,2,7,3,"5,2,7,3",,
5,2,7,3,"5,2,7,3",,
150,15,165,135,"150,15,165,135",,
5,2,7,3,"5,2,7,3",,
10,3,13,7,"10,3,13,7",,
4,2,6,2,"4,2,6,2",,
4,2,6,2,"4,2,6,2",,
4,2,6,2,"4,2,6,2",,
4,2,6,2,"4,2,6,2",,
4,2,6,2,"4,2,6,2",,
4,2,6,2,"4,2,6,2",,
4,2,6,2,"4,2,6,2",,
290,33,323,257,"290,33,323,257",,
58,24,82,34,"58,24,82,34",,
7,5,12,2,"7,5,12,2",,
4,2,6,2,"4,2,6,2",,
924,0,924,924,"924,0,924,924",,
7,4,11,3,"7,4,11,3",,
5,2,7,3,"5,2,7,3",,
9,2,11,7,"9,2,11,7",,
5,2,7,3,"5,2,7,3",,
5,2,7,3,"5,2,7,3",,
5,2,7,3,"5,2,7,3",,
56,6,62,50,"56,6,62,50",,
5,2,7,3,"5,2,7,3",,
5,2,7,3,"5,2,7,3",,
5,2,7,3,"5,2,7,3",,
70,20,90,50,"70,20,90,50",,
5,2,7,3,"5,2,7,3",,
78,5,83,73,"78,5,83,73",,
723,0,723,723,"723,0,723,723",,
113,16,129,97,"113,16,129,97",,
5,2,7,3,"5,2,7,3",,
5,2,7,3,"5,2,7,3",,
5,2,7,3,"5,2,7,3",,
1668,0,1668,1668,"1668,0,1668,1668",,
5,2,7,3,"5,2,7,3",,
5,2,7,3,"5,2,7,3",,
5,2,7,3,"5,2,7,3",,
10,3,13,7,"10,3,13,7",,
5,2,7,3,"5,2,7,3",,
9,2,11,7,"9,2,11,7",,
4,2,6,2,"4,2,6,2",,
4,2,6,2,"4,2,6,2",,
0,2436,2436,-2436,"0,2436,2436,-2436",,
0,2004,2004,-2004,"0,2004,2004,-2004",,
0,408,408,-408,"0,408,408,-408",,
5,9,14,-4,"5,9,14,-4",,
4,49,53,-45,"4,49,53,-45",,
4,2,6,2,"4,2,6,2",,
4,2,6,2,"4,2,6,2",,
4,2,6,2,"4,2,6,2",,
4,2,6,2,"4,2,6,2",,
4,2,6,2,"4,2,6,2",,
519,24,543,495,"519,24,543,495",,
4,2,6,2,"4,2,6,2",,
115,25,140,90,"115,25,140,90",,
4,2,6,2,"4,2,6,2",,
4,2,6,2,"4,2,6,2",,
4,2,6,2,"4,2,6,2",,
4,2,6,2,"4,2,6,2",,
4,2,6,2,"4,2,6,2",,
4,2,6,2,"4,2,6,2",,
57,6,63,51,"57,6,63,51",,
4,2,6,2,"4,2,6,2",,
4,2,6,2,"4,2,6,2",,
4,2,6,2,"4,2,6,2",,
4,2,6,2,"4,2,6,2",,
4,2,6,2,"4,2,6,2",,
4,2,6,2,"4,2,6,2",,
7,2,9,5,"7,2,9,5",,
7,2,9,5,"7,2,9,5",,
7,2,9,5,"7,2,9,5",,
17,6,23,11,"17,6,23,11",,
7,2,9,5,"7,2,9,5",,
7,2,9,5,"7,2,9,5",,
643,0,643,643,"643,0,643,643",,
80,4,84,76,"80,4,84,76",,
17,6,23,11,"17,6,23,11",,
643,0,643,643,"643,0,643,643",,
3014,0,3014,3014,"3014,0,3014,3014",,
7,2,9,5,"7,2,9,5",,
7,2,9,5,"7,2,9,5",,
7,2,9,5,"7,2,9,5",,
7,2,9,5,"7,2,9,5",,
7,2,9,5,"7,2,9,5",,
7,2,9,5,"7,2,9,5",,
7,2,9,5,"7,2,9,5",,
7,2,9,5,"7,2,9,5",,
7,2,9,5,"7,2,9,5",,
7,2,9,5,"7,2,9,5",,
7,2,9,5,"7,2,9,5",,
7,2,9,5,"7,2,9,5",,
7,2,9,5,"7,2,9,5",,
7,2,9,5,"7,2,9,5",,
7,2,9,5,"7,2,9,5",,
7,2,9,5,"7,2,9,5",,
20,9,29,11,"20,9,29,11",,
17,6,23,11,"17,6,23,11",,
7,2,9,5,"7,2,9,5",,
7,2,9,5,"7,2,9,5",,
7,2,9,5,"7,2,9,5",,
30,13,43,17,"30,13,43,17",,
178,19,197,159,"178,19,197,159",,
4,2,6,2,"4,2,6,2",,
4,2,6,2,"4,2,6,2",,
4,2,6,2,"4,2,6,2",,
4,2,6,2,"4,2,6,2",,
4,2,6,2,"4,2,6,2",,
4,2,6,2,"4,2,6,2",,
4,2,6,2,"4,2,6,2",,
4,2,6,2,"4,2,6,2",,
5,9,14,-4,"5,9,14,-4",,
4,2,6,2,"4,2,6,2",,
4,2,6,2,"4,2,6,2",,
4,2,6,2,"4,2,6,2",,
5,9,14,-4,"5,9,14,-4",,
66,4,70,62,"66,4,70,62",,
20,2,22,18,"20,2,22,18",,
5,9,14,-4,"5,9,14,-4",,
4,2,6,2,"4,2,6,2",,
4,2,6,2,"4,2,6,2",,
4,2,6,2,"4,2,6,2",,
4,2,6,2,"4,2,6,2",,
4,2,6,2,"4,2,6,2",,
4,2,6,2,"4,2,6,2",,
4,2,6,2,"4,2,6,2",,
4,2,6,2,"4,2,6,2",,
4,2,6,2,"4,2,6,2",,
4,2,6,2,"4,2,6,2",,
4,2,6,2,"4,2,6,2",,
4,2,6,2,"4,2,6,2",,
4,2,6,2,"4,2,6,2",,
4,2,6,2,"4,2,6,2",,
4,2,6,2,"4,2,6,2",,
4,2,6,2,"4,2,6,2",,
4,2,6,2,"4,2,6,2",,
4,2,6,2,"4,2,6,2",,
4,2,6,2,"4,2,6,2",,
4,2,6,2,"4,2,6,2",,
4,2,6,2,"4,2,6,2",,
4,2,6,2,"4,2,6,2",,
4,2,6,2,"4,2,6,2",,
4,2,6,2,"4,2,6,2",,
4,2,6,2,"4,2,6,2",,
4,2,6,2,"4,2,6,2",,
4,2,6,2,"4,2,6,2",,
4,2,6,2,"4,2,6,2",,
4,2,6,2,"4,2,6,2",,
4,2,6,2,"4,2,6,2",,
4,2,6,2,"4,2,6,2",,
73,2,75,71,"73,2,75,71",,
4,2,6,2,"4,2,6,2",,
4,2,6,2,"4,2,6,2",,
4,2,6,2,"4,2,6,2",,
4,2,6,2,"4,2,6,2",,
4,2,6,2,"4,2,6,2",,
4,2,6,2,"4,2,6,2",,
4,2,6,2,"4,2,6,2",,
4,2,6,2,"4,2,6,2",,
4,2,6,2,"4,2,6,2",,
4,2,6,2,"4,2,6,2",,
4,2,6,2,"4,2,6,2",,
4,2,6,2,"4,2,6,2",,
4,2,6,2,"4,2,6,2",,
4,2,6,2,"4,2,6,2",,
4,2,6,2,"4,2,6,2",,
4,2,6,2,"4,2,6,2",,
4,2,6,2,"4,2,6,2",,
4,2,6,2,"4,2,6,2",,
4,2,6,2,"4,2,6,2",,
4,2,6,2,"4,2,6,2",,
4,2,6,2,"4,2,6,2",,
4,2,6,2,"4,2,6,2",,
4,2,6,2,"4,2,6,2",,
4,2,6,2,"4,2,6,2",,
4,2,6,2,"4,2,6,2",,
4,2,6,2,"4,2,6,2",,
4,2,6,2,"4,2,6,2",,
4,2,6,2,"4,2,6,2",,
4,2,6,2,"4,2,6,2",,
4,2,6,2,"4,2,6,2",,
4,2,6,2,"4,2,6,2",,
4,2,6,2,"4,2,6,2",,
4,2,6,2,"4,2,6,2",,
4,2,6,2,"4,2,6,2",,
4,2,6,2,"4,2,6,2",,
4,2,6,2,"4,2,6,2",,
923,0,923,923,"923,0,923,923",,
406,0,406,406,"406,0,406,406",,
431,0,431,431,"431,0,431,431",,
1503,0,1503,1503,"1503,0,1503,1503",,
158,115,273,43,"158,115,273,43",,
1041,0,1041,1041,"1041,0,1041,1041",,
62,7,69,55,"62,7,69,55",,
390,219,609,171,"390,219,609,171",,
209,46,255,163,"209,46,255,163",,
33,27,60,6,"33,27,60,6",,
17,3,20,14,"17,3,20,14",,
10,2,12,8,"10,2,12,8",,
34,2,36,32,"34,2,36,32",,
4,2,6,2,"4,2,6,2",,
4,2,6,2,"4,2,6,2",,
4,2,6,2,"4,2,6,2",,
4,2,6,2,"4,2,6,2",,
4,2,6,2,"4,2,6,2",,
4,2,6,2,"4,2,6,2",,
4,2,6,2,"4,2,6,2",,
4,2,6,2,"4,2,6,2",,
4,2,6,2,"4,2,6,2",,
4,2,6,2,"4,2,6,2",,
4,2,6,2,"4,2,6,2",,
4,2,6,2,"4,2,6,2",,
4,2,6,2,"4,2,6,2",,
4,2,6,2,"4,2,6,2",,
4,2,6,2,"4,2,6,2",,
4,2,6,2,"4,2,6,2",,
63,7,70,56,"63,7,70,56",,
120,5,125,115,"120,5,125,115",,
4,2,6,2,"4,2,6,2",,
4,2,6,2,"4,2,6,2",,
4,2,6,2,"4,2,6,2",,
4,2,6,2,"4,2,6,2",,
4,2,6,2,"4,2,6,2",,
30,20,50,10,"30,20,50,10",,
4,2,6,2,"4,2,6,2",,
4,2,6,2,"4,2,6,2",,
4,2,6,2,"4,2,6,2",,
4,2,6,2,"4,2,6,2",,
4,2,6,2,"4,2,6,2",,
4,2,6,2,"4,2,6,2",,
4,2,6,2,"4,2,6,2",,
4,2,6,2,"4,2,6,2",,
4,2,6,2,"4,2,6,2",,
4,2,6,2,"4,2,6,2",,
4,2,6,2,"4,2,6,2",,
4,2,6,2,"4,2,6,2",,
4,2,6,2,"4,2,6,2",,
4,2,6,2,"4,2,6,2",,
4,2,6,2,"4,2,6,2",,
4,2,6,2,"4,2,6,2",,
4,2,6,2,"4,2,6,2",,
4,2,6,2,"4,2,6,2",,
4,2,6,2,"4,2,6,2",,
4,2,6,2,"4,2,6,2",,
4,2,6,2,"4,2,6,2",,
4,2,6,2,"4,2,6,2",,
4,2,6,2,"4,2,6,2",,
4,2,6,2,"4,2,6,2",,
4,2,6,2,"4,2,6,2",,
4,2,6,2,"4,2,6,2",,
4,2,6,2,"4,2,6,2",,
4,2,6,2,"4,2,6,2",,
4,2,6,2,"4,2,6,2",,
4,2,6,2,"4,2,6,2",,
4,2,6,2,"4,2,6,2",,
4,2,6,2,"4,2,6,2",,
4,2,6,2,"4,2,6,2",,
4,2,6,2,"4,2,6,2",,
4,2,6,2,"4,2,6,2",,
14,8,22,6,"14,8,22,6",,
8,2,10,6,"8,2,10,6",,
77,2,79,75,"77,2,79,75",,
8,2,10,6,"8,2,10,6",,
1001,0,1001,1001,"1001,0,1001,1001",,
110,7,117,103,"110,7,117,103",,
8,2,10,6,"8,2,10,6",,
8,2,10,6,"8,2,10,6",,
8,2,10,6,"8,2,10,6",,
175,6,181,169,"175,6,181,169",,
1304,0,1304,1304,"1304,0,1304,1304",,
1058,0,1058,1058,"1058,0,1058,1058",,
1000,0,1000,1000,"1000,0,1000,1000",,
8,2,10,6,"8,2,10,6",,
8,2,10,6,"8,2,10,6",,
8,2,10,6,"8,2,10,6",,
8,2,10,6,"8,2,10,6",,
8,2,10,6,"8,2,10,6",,
8,2,10,6,"8,2,10,6",,
76,2,78,74,"76,2,78,74",,
8,2,10,6,"8,2,10,6",,
58,2,60,56,"58,2,60,56",,
8,2,10,6,"8,2,10,6",,
8,2,10,6,"8,2,10,6",,
8,2,10,6,"8,2,10,6",,
8,2,10,6,"8,2,10,6",,
8,2,10,6,"8,2,10,6",,
8,2,10,6,"8,2,10,6",,
8,2,10,6,"8,2,10,6",,
26,4,30,22,"26,4,30,22",,
4,2,6,2,"4,2,6,2",,
22,23,45,-1,"22,23,45,-1",,
53,55,108,-2,"53,55,108,-2",,
4,2,6,2,"4,2,6,2",,
4,2,6,2,"4,2,6,2",,
4,2,6,2,"4,2,6,2",,
4,2,6,2,"4,2,6,2",,
4,2,6,2,"4,2,6,2",,
4,2,6,2,"4,2,6,2",,
4,2,6,2,"4,2,6,2",,
4,2,6,2,"4,2,6,2",,
4,2,6,2,"4,2,6,2",,
4,2,6,2,"4,2,6,2",,
4,2,6,2,"4,2,6,2",,
4,2,6,2,"4,2,6,2",,
4,2,6,2,"4,2,6,2",,
4,2,6,2,"4,2,6,2",,
4,2,6,2,"4,2,6,2",,
77,28,105,49,"77,28,105,49",,
105,9,114,96,"105,9,114,96",,
4,2,6,2,"4,2,6,2",,
104,8,112,96,"104,8,112,96",,
324,5,329,319,"324,5,329,319",,
8,6,14,2,"8,6,14,2",,
7,5,12,2,"7,5,12,2",,
252,15,267,237,"252,15,267,237",,
102,4,106,98,"102,4,106,98",,
4,2,6,2,"4,2,6,2",,
4,2,6,2,"4,2,6,2",,
4,2,6,2,"4,2,6,2",,
4,2,6,2,"4,2,6,2",,
1269,129,1398,1140,"1269,129,1398,1140",,
7,5,12,2,"7,5,12,2",,
4,2,6,2,"4,2,6,2",,
4,2,6,2,"4,2,6,2",,
191,14,205,177,"191,14,205,177",,
4,2,6,2,"4,2,6,2",,
4,2,6,2,"4,2,6,2",,
4,2,6,2,"4,2,6,2",,
162,16,178,146,"162,16,178,146",,
141,11,152,130,"141,11,152,130",,
159,13,172,146,"159,13,172,146",,
141,11,152,130,"141,11,152,130",,
4,2,6,2,"4,2,6,2",,
4,2,6,2,"4,2,6,2",,
4,2,6,2,"4,2,6,2",,
4,2,6,2,"4,2,6,2",,
4,2,6,2,"4,2,6,2",,
4,2,6,2,"4,2,6,2",,
4,2,6,2,"4,2,6,2",,
195,5,200,190,"195,5,200,190",,
102,6,108,96,"102,6,108,96",,
4,2,6,2,"4,2,6,2",,
4,2,6,2,"4,2,6,2",,
4,2,6,2,"4,2,6,2",,
4,2,6,2,"4,2,6,2",,
4,2,6,2,"4,2,6,2",,
4,2,6,2,"4,2,6,2",,
4,2,6,2,"4,2,6,2",,
4,2,6,2,"4,2,6,2",,
4,2,6,2,"4,2,6,2",,
4,2,6,2,"4,2,6,2",,
4,2,6,2,"4,2,6,2",,
4,2,6,2,"4,2,6,2",,
4,2,6,2,"4,2,6,2",,
4,2,6,2,"4,2,6,2",,
4,2,6,2,"4,2,6,2",,
4,2,6,2,"4,2,6,2",,
4,2,6,2,"4,2,6,2",,
4,2,6,2,"4,2,6,2",,
4,2,6,2,"4,2,6,2",,
4,2,6,2,"4,2,6,2",,
4,2,6,2,"4,2,6,2",,
4,2,6,2,"4,2,6,2",,
4,2,6,2,"4,2,6,2",,
4,2,6,2,"4,2,6,2",,
4,2,6,2,"4,2,6,2",,
58,7,65,51,"58,7,65,51",,
11,7,18,4,"11,7,18,4",,
18,14,32,4,"18,14,32,4",,
11,7,18,4,"11,7,18,4",,
4,2,6,2,"4,2,6,2",,
4,2,6,2,"4,2,6,2",,
16,8,24,8,"16,8,24,8",,
68,2,70,66,"68,2,70,66",,
4,2,6,2,"4,2,6,2",,
65,3,68,62,"65,3,68,62",,
4,2,6,2,"4,2,6,2",,
4,2,6,2,"4,2,6,2",,
4,2,6,2,"4,2,6,2",,
939,0,939,939,"939,0,939,939",,
1252,0,1252,1252,"1252,0,1252,1252",,
411,0,411,411,"411,0,411,411",,
447,0,447,447,"447,0,447,447",,
5,2,7,3,"5,2,7,3",,
1776,0,1776,1776,"1776,0,1776,1776",,
5,2,7,3,"5,2,7,3",,
5,2,7,3,"5,2,7,3",,
5,2,7,3,"5,2,7,3",,
12,3,15,9,"12,3,15,9",,
5,2,7,3,"5,2,7,3",,
5,2,7,3,"5,2,7,3",,
11,4,15,7,"11,4,15,7",,
4,2,6,2,"4,2,6,2",,
4,2,6,2,"4,2,6,2",,
4,2,6,2,"4,2,6,2",,
4,2,6,2,"4,2,6,2",,
4,2,6,2,"4,2,6,2",,
4,2,6,2,"4,2,6,2",,
51,2,53,49,"51,2,53,49",,
4,2,6,2,"4,2,6,2",,
4,2,6,2,"4,2,6,2",,
4,2,6,2,"4,2,6,2",,
4,2,6,2,"4,2,6,2",,
4,2,6,2,"4,2,6,2",,
4,2,6,2,"4,2,6,2",,
4,2,6,2,"4,2,6,2",,
4,2,6,2,"4,2,6,2",,
7,5,12,2,"7,5,12,2",,
4,2,6,2,"4,2,6,2",,
4,2,6,2,"4,2,6,2",,
4,2,6,2,"4,2,6,2",,
4,2,6,2,"4,2,6,2",,
4,2,6,2,"4,2,6,2",,
4,2,6,2,"4,2,6,2",,
4,2,6,2,"4,2,6,2",,
4,2,6,2,"4,2,6,2",,
4,2,6,2,"4,2,6,2",,
4,2,6,2,"4,2,6,2",,
4,2,6,2,"4,2,6,2",,
4,2,6,2,"4,2,6,2",,
4,2,6,2,"4,2,6,2",,
4,2,6,2,"4,2,6,2",,
4,2,6,2,"4,2,6,2",,
4,2,6,2,"4,2,6,2",,
4,2,6,2,"4,2,6,2",,
4,2,6,2,"4,2,6,2",,
4,2,6,2,"4,2,6,2",,
4,2,6,2,"4,2,6,2",,
4,2,6,2,"4,2,6,2",,
4,2,6,2,"4,2,6,2",,
119,10,129,109,"119,10,129,109",,
52,3,55,49,"52,3,55,49",,
4,2,6,2,"4,2,6,2",,
5,3,8,2,"5,3,8,2",,
4,2,6,2,"4,2,6,2",,
4,2,6,2,"4,2,6,2",,
4,2,6,2,"4,2,6,2",,
4,2,6,2,"4,2,6,2",,
52,3,55,49,"52,3,55,49",,
12,106,118,-94,"12,106,118,-94",,
4,2,6,2,"4,2,6,2",,
4,2,6,2,"4,2,6,2",,
4,2,6,2,"4,2,6,2",,
4,2,6,2,"4,2,6,2",,
4,2,6,2,"4,2,6,2",,
4,2,6,2,"4,2,6,2",,
4,2,6,2,"4,2,6,2",,
4,2,6,2,"4,2,6,2",,
7,5,12,2,"7,5,12,2",,
7,5,12,2,"7,5,12,2",,
7,5,12,2,"7,5,12,2",,
4,2,6,2,"4,2,6,2",,
4,2,6,2,"4,2,6,2",,
4,2,6,2,"4,2,6,2",,
4,2,6,2,"4,2,6,2",,
4,2,6,2,"4,2,6,2",,
4,2,6,2,"4,2,6,2",,
4,2,6,2,"4,2,6,2",,
4,2,6,2,"4,2,6,2",,
4,2,6,2,"4,2,6,2",,
4,2,6,2,"4,2,6,2",,
4,2,6,2,"4,2,6,2",,
4,2,6,2,"4,2,6,2",,
4,2,6,2,"4,2,6,2",,
4,2,6,2,"4,2,6,2",,
4,2,6,2,"4,2,6,2",,
4,2,6,2,"4,2,6,2",,
4,2,6,2,"4,2,6,2",,
4,2,6,2,"4,2,6,2",,
4,2,6,2,"4,2,6,2",,
4,2,6,2,"4,2,6,2",,
4,2,6,2,"4,2,6,2",,
4,2,6,2,"4,2,6,2",,
4,2,6,2,"4,2,6,2",,
4,2,6,2,"4,2,6,2",,
9,2,11,7,"9,2,11,7",,
9,2,11,7,"9,2,11,7",,
9,2,11,7,"9,2,11,7",,
538,22,560,516,"538,22,560,516",,
9,2,11,7,"9,2,11,7",,
75,5,80,70,"75,5,80,70",,
58,3,61,55,"58,3,61,55",,
57,3,60,54,"57,3,60,54",,
9,2,11,7,"9,2,11,7",,
1188,0,1188,1188,"1188,0,1188,1188",,
9,2,11,7,"9,2,11,7",,
9,2,11,7,"9,2,11,7",,
9,2,11,7,"9,2,11,7",,
9,2,11,7,"9,2,11,7",,
12,5,17,7,"12,5,17,7",,
9,2,11,7,"9,2,11,7",,
9,2,11,7,"9,2,11,7",,
9,2,11,7,"9,2,11,7",,
58,3,61,55,"58,3,61,55",,
9,2,11,7,"9,2,11,7",,
1187,0,1187,1187,"1187,0,1187,1187",,
9,2,11,7,"9,2,11,7",,
15,2,17,13,"15,2,17,13",,
9,2,11,7,"9,2,11,7",,
103,2,105,101,"103,2,105,101",,
9,2,11,7,"9,2,11,7",,
9,2,11,7,"9,2,11,7",,
9,2,11,7,"9,2,11,7",,
9,2,11,7,"9,2,11,7",,
9,2,11,7,"9,2,11,7",,
9,2,11,7,"9,2,11,7",,
9,2,11,7,"9,2,11,7",,
9,2,11,7,"9,2,11,7",,
9,2,11,7,"9,2,11,7",,
9,2,11,7,"9,2,11,7",,
9,2,11,7,"9,2,11,7",,
9,2,11,7,"9,2,11,7",,
81,9,90,72,"81,9,90,72",,
59,5,64,54,"59,5,64,54",,
9,2,11,7,"9,2,11,7",,
15,2,17,13,"15,2,17,13",,
9,2,11,7,"9,2,11,7",,
9,2,11,7,"9,2,11,7",,
9,2,11,7,"9,2,11,7",,
9,2,11,7,"9,2,11,7",,
9,2,11,7,"9,2,11,7",,
1157,0,1157,1157,"1157,0,1157,1157",,
1499,0,1499,1499,"1499,0,1499,1499",,
9,2,11,7,"9,2,11,7",,
31,16,47,15,"31,16,47,15",,
1181,0,1181,1181,"1181,0,1181,1181",,
375,11,386,364,"375,11,386,364",,
9,2,11,7,"9,2,11,7",,
9,2,11,7,"9,2,11,7",,
18,5,23,13,"18,5,23,13",,
9,2,11,7,"9,2,11,7",,
9,2,11,7,"9,2,11,7",,
9,2,11,7,"9,2,11,7",,
313,22,335,291,"313,22,335,291",,
9,2,11,7,"9,2,11,7",,
9,2,11,7,"9,2,11,7",,
9,2,11,7,"9,2,11,7",,
9,2,11,7,"9,2,11,7",,
9,2,11,7,"9,2,11,7",,
9,2,11,7,"9,2,11,7",,
9,2,11,7,"9,2,11,7",,
9,2,11,7,"9,2,11,7",,
9,2,11,7,"9,2,11,7",,
9,2,11,7,"9,2,11,7",,
9,2,11,7,"9,2,11,7",,
32,9,41,23,"32,9,41,23",,
4,2,6,2,"4,2,6,2",,
4,2,6,2,"4,2,6,2",,
4,2,6,2,"4,2,6,2",,
4,2,6,2,"4,2,6,2",,
4,2,6,2,"4,2,6,2",,
64,2,66,62,"64,2,66,62",,
4,2,6,2,"4,2,6,2",,
4,2,6,2,"4,2,6,2",,
4,2,6,2,"4,2,6,2",,
4,2,6,2,"4,2,6,2",,
4,2,6,2,"4,2,6,2",,
4,2,6,2,"4,2,6,2",,
4,2,6,2,"4,2,6,2",,
4,2,6,2,"4,2,6,2",,
4,2,6,2,"4,2,6,2",,
4,2,6,2,"4,2,6,2",,
4,2,6,2,"4,2,6,2",,
4,2,6,2,"4,2,6,2",,
4,2,6,2,"4,2,6,2",,
4,2,6,2,"4,2,6,2",,
4,2,6,2,"4,2,6,2",,
4,2,6,2,"4,2,6,2",,
4,2,6,2,"4,2,6,2",,
4,2,6,2,"4,2,6,2",,
7,5,12,2,"7,5,12,2",,
4,2,6,2,"4,2,6,2",,
4,2,6,2,"4,2,6,2",,
4,2,6,2,"4,2,6,2",,
4,2,6,2,"4,2,6,2",,
4,2,6,2,"4,2,6,2",,
4,2,6,2,"4,2,6,2",,
4,2,6,2,"4,2,6,2",,
4,2,6,2,"4,2,6,2",,
4,2,6,2,"4,2,6,2",,
4,2,6,2,"4,2,6,2",,
4,2,6,2,"4,2,6,2",,
4,2,6,2,"4,2,6,2",,
4,2,6,2,"4,2,6,2",,
4,2,6,2,"4,2,6,2",,
4,2,6,2,"4,2,6,2",,
4,2,6,2,"4,2,6,2",,
4,2,6,2,"4,2,6,2",,
4,2,6,2,"4,2,6,2",,
4,2,6,2,"4,2,6,2",,
4,2,6,2,"4,2,6,2",,
4,2,6,2,"4,2,6,2",,
4,2,6,2,"4,2,6,2",,
3520,405,3925,3115,"3520,405,3925,3115",,
308,86,394,222,"308,86,394,222",,
591,567,1158,24,"591,567,1158,24",,
2,1,3,1,"2,1,3,1",,
49,40,89,9,"49,40,89,9",,
1,1,2,0,"1,1,2,0",,
1,1,2,0,"1,1,2,0",,
10,0,10,10,"10,0,10,10",,
0,1,1,-1,"0,1,1,-1",,
0,1,1,-1,"0,1,1,-1",,
0,1,1,-1,"0,1,1,-1",,
0,1,1,-1,"0,1,1,-1",,
1,0,1,1,"1,0,1,1",,
1,0,1,1,"1,0,1,1",,
1,0,1,1,"1,0,1,1",,
1,0,1,1,"1,0,1,1",,
1,1,2,0,"1,1,2,0",,
1,1,2,0,"1,1,2,0",,
2,1,3,1,"2,1,3,1",,
41,6,47,35,"41,6,47,35",,
1,3,4,-2,"1,3,4,-2",,
25,0,25,25,"25,0,25,25",,
81,4,85,77,"81,4,85,77",,
29,26,55,3,"29,26,55,3",,
30,2,32,28,"30,2,32,28",,
4,1,5,3,"4,1,5,3",,
0,1,1,-1,"0,1,1,-1",,
2,1,3,1,"2,1,3,1",,
20,4,24,16,"20,4,24,16",,
2,1,3,1,"2,1,3,1",,
24,13,37,11,"24,13,37,11",,
11,2,13,9,"11,2,13,9",,
0,1,1,-1,"0,1,1,-1",,
1,0,1,1,"1,0,1,1",,
1,0,1,1,"1,0,1,1",,
0,2,2,-2,"0,2,2,-2",,
0,1,1,-1,"0,1,1,-1",,
0,4,4,-4,"0,4,4,-4",,
0,2,2,-2,"0,2,2,-2",,
4,1,5,3,"4,1,5,3",,
1,1,2,0,"1,1,2,0",,
1,1,2,0,"1,1,2,0",,
1,1,2,0,"1,1,2,0",,
1,2,3,-1,"1,2,3,-1",,
4,0,4,4,"4,0,4,4",,
47,14,61,33,"47,14,61,33",,
5,7,12,-2,"5,7,12,-2",,
3,13,16,-10,"3,13,16,-10",,
11,0,11,11,"11,0,11,11",,
7,0,7,7,"7,0,7,7",,
8,0,8,8,"8,0,8,8",,
17,0,17,17,"17,0,17,17",,
9,20,29,-11,"9,20,29,-11",,
2,0,2,2,"2,0,2,2",,
0,149,149,-149,"0,149,149,-149",,
6,1,7,5,"6,1,7,5",,
16,7,23,9,"16,7,23,9",,
3,4,7,-1,"3,4,7,-1",,
14,3,17,11,"14,3,17,11",,
4,0,4,4,"4,0,4,4",,
13,0,13,13,"13,0,13,13",,
4,0,4,4,"4,0,4,4",,
8,0,8,8,"8,0,8,8",,
11,2,13,9,"11,2,13,9",,
8,0,8,8,"8,0,8,8",,
9,0,9,9,"9,0,9,9",,
1,0,1,1,"1,0,1,1",,
36,0,36,36,"36,0,36,36",,
0,1,1,-1,"0,1,1,-1",,
13,6,19,7,"13,6,19,7",,
9,0,9,9,"9,0,9,9",,
30,16,46,14,"30,16,46,14",,
4,1,5,3,"4,1,5,3",,
8,2,10,6,"8,2,10,6",,
28,6,34,22,"28,6,34,22",,
6,0,6,6,"6,0,6,6",,
9,0,9,9,"9,0,9,9",,
6,0,6,6,"6,0,6,6",,
1,0,1,1,"1,0,1,1",,
21,0,21,21,"21,0,21,21",,
3,4,7,-1,"3,4,7,-1",,
42,0,42,42,"42,0,42,42",,
3,0,3,3,"3,0,3,3",,
2,0,2,2,"2,0,2,2",,
2,0,2,2,"2,0,2,2",,
2,0,2,2,"2,0,2,2",,
2,0,2,2,"2,0,2,2",,
2,0,2,2,"2,0,2,2",,
2,0,2,2,"2,0,2,2",,
2,0,2,2,"2,0,2,2",,
2,0,2,2,"2,0,2,2",,
2,0,2,2,"2,0,2,2",,
3,0,3,3,"3,0,3,3",,
1,0,1,1,"1,0,1,1",,
2,0,2,2,"2,0,2,2",,
3,1,4,2,"3,1,4,2",,
3,1,4,2,"3,1,4,2",,
3,1,4,2,"3,1,4,2",,
2,0,2,2,"2,0,2,2",,
2,0,2,2,"2,0,2,2",,
2,1,3,1,"2,1,3,1",,
2,1,3,1,"2,1,3,1",,
2,1,3,1,"2,1,3,1",,
2,1,3,1,"2,1,3,1",,
2,1,3,1,"2,1,3,1",,
13,0,13,13,"13,0,13,13",,
2,1,3,1,"2,1,3,1",,
2,1,3,1,"2,1,3,1",,
2,1,3,1,"2,1,3,1",,
2,1,3,1,"2,1,3,1",,
0,1,1,-1,"0,1,1,-1",,
2,0,2,2,"2,0,2,2",,
2,1,3,1,"2,1,3,1",,
2,1,3,1,"2,1,3,1",,
2,1,3,1,"2,1,3,1",,
2,1,3,1,"2,1,3,1",,
2,1,3,1,"2,1,3,1",,
2,1,3,1,"2,1,3,1",,
2,1,3,1,"2,1,3,1",,
2,1,3,1,"2,1,3,1",,
2,1,3,1,"2,1,3,1",,
2,1,3,1,"2,1,3,1",,
4,2,6,2,"4,2,6,2",,
2,1,3,1,"2,1,3,1",,
3,2,5,1,"3,2,5,1",,
2,1,3,1,"2,1,3,1",,
2,1,3,1,"2,1,3,1",,
2,1,3,1,"2,1,3,1",,
2,1,3,1,"2,1,3,1",,
2,1,3,1,"2,1,3,1",,
2,1,3,1,"2,1,3,1",,
2,0,2,2,"2,0,2,2",,
1,2,3,-1,"1,2,3,-1",,
1,1,2,0,"1,1,2,0",,
2,0,2,2,"2,0,2,2",,
1,2,3,-1,"1,2,3,-1",,
1,1,2,0,"1,1,2,0",,
1,1,2,0,"1,1,2,0",,
1,1,2,0,"1,1,2,0",,
1,1,2,0,"1,1,2,0",,
1,1,2,0,"1,1,2,0",,
1,1,2,0,"1,1,2,0",,
4,0,4,4,"4,0,4,4",,
0,1,1,-1,"0,1,1,-1",,
1,1,2,0,"1,1,2,0",,
1,1,2,0,"1,1,2,0",,
1,1,2,0,"1,1,2,0",,
1,1,2,0,"1,1,2,0",,
1,1,2,0,"1,1,2,0",,
1,1,2,0,"1,1,2,0",,
1,1,2,0,"1,1,2,0",,
0,47,47,-47,"0,47,47,-47",,
0,318,318,-318,"0,318,318,-318",,
0,20,20,-20,"0,20,20,-20",,
3,19,22,-16,"3,19,22,-16",,
2,2,4,0,"2,2,4,0",,
3,3,6,0,"3,3,6,0",,
1,2,3,-1,"1,2,3,-1",,
1,4,5,-3,"1,4,5,-3",,
1,1,2,0,"1,1,2,0",,
1,0,1,1,"1,0,1,1",,
1,1,2,0,"1,1,2,0",,
7,6,13,1,"7,6,13,1",,
17,19,36,-2,"17,19,36,-2",,
1,3,4,-2,"1,3,4,-2",,
1,1,2,0,"1,1,2,0",,
3,12,15,-9,"3,12,15,-9",,
1,9,10,-8,"1,9,10,-8",,
1,2,3,-1,"1,2,3,-1",,
7,28,35,-21,"7,28,35,-21",,
18,6,24,12,"18,6,24,12",,
17,13,30,4,"17,13,30,4",,
13,12,25,1,"13,12,25,1",,
72,0,72,72,"72,0,72,72",,
0,13,13,-13,"0,13,13,-13",,
30,18,48,12,"30,18,48,12",,
2,1,3,1,"2,1,3,1",,
1,0,1,1,"1,0,1,1",,
3,0,3,3,"3,0,3,3",,
1,0,1,1,"1,0,1,1",,
1,0,1,1,"1,0,1,1",,
18,1,19,17,"18,1,19,17",,
4,0,4,4,"4,0,4,4",,
3,7,10,-4,"3,7,10,-4",,
13,23,36,-10,"13,23,36,-10",,
0,2,2,-2,"0,2,2,-2",,
28,7,35,21,"28,7,35,21",,
33,44,77,-11,"33,44,77,-11",,
60,0,60,60,"60,0,60,60",,
86,0,86,86,"86,0,86,86",,
46,0,46,46,"46,0,46,46",,
90,0,90,90,"90,0,90,90",,
86,0,86,86,"86,0,86,86",,
45,0,45,45,"45,0,45,45",,
1,0,1,1,"1,0,1,1",,
12,5,17,7,"12,5,17,7",,
46,0,46,46,"46,0,46,46",,
5,0,5,5,"5,0,5,5",,
6,0,6,6,"6,0,6,6",,
14,0,14,14,"14,0,14,14",,
138,0,138,138,"138,0,138,138",,
1,0,1,1,"1,0,1,1",,
5,1,6,4,"5,1,6,4",,
1,0,1,1,"1,0,1,1",,
1,2,3,-1,"1,2,3,-1",,
2,1,3,1,"2,1,3,1",,
2,1,3,1,"2,1,3,1",,
2,1,3,1,"2,1,3,1",,
1,10,11,-9,"1,10,11,-9",,
1,1,2,0,"1,1,2,0",,
1,3,4,-2,"1,3,4,-2",,
1,1,2,0,"1,1,2,0",,
1,2,3,-1,"1,2,3,-1",,
1,0,1,1,"1,0,1,1",,
12,5,17,7,"12,5,17,7",,
17,10,27,7,"17,10,27,7",,
13,3,16,10,"13,3,16,10",,
1,1,2,0,"1,1,2,0",,
4,1,5,3,"4,1,5,3",,
5,6,11,-1,"5,6,11,-1",,
23,0,23,23,"23,0,23,23",,
3,3,6,0,"3,3,6,0",,
19,3,22,16,"19,3,22,16",,
6,6,12,0,"6,6,12,0",,
8,3,11,5,"8,3,11,5",,
8,3,11,5,"8,3,11,5",,
14,9,23,5,"14,9,23,5",,
12,3,15,9,"12,3,15,9",,
25,10,35,15,"25,10,35,15",,
1,1,2,0,"1,1,2,0",,
3,3,6,0,"3,3,6,0",,
3,3,6,0,"3,3,6,0",,
3,3,6,0,"3,3,6,0",,
3,3,6,0,"3,3,6,0",,
3,3,6,0,"3,3,6,0",,
3,3,6,0,"3,3,6,0",,
0,4,4,-4,"0,4,4,-4",,
5,0,5,5,"5,0,5,5",,
3,3,6,0,"3,3,6,0",,
3,3,6,0,"3,3,6,0",,
3,3,6,0,"3,3,6,0",,
3,3,6,0,"3,3,6,0",,
1,8,9,-7,"1,8,9,-7",,
3,3,6,0,"3,3,6,0",,
3,3,6,0,"3,3,6,0",,
3,3,6,0,"3,3,6,0",,
3,3,6,0,"3,3,6,0",,
3,3,6,0,"3,3,6,0",,
3,3,6,0,"3,3,6,0",,
3,3,6,0,"3,3,6,0",,
3,3,6,0,"3,3,6,0",,
3,3,6,0,"3,3,6,0",,
3,3,6,0,"3,3,6,0",,
3,3,6,0,"3,3,6,0",,
3,3,6,0,"3,3,6,0",,
3,3,6,0,"3,3,6,0",,
3,3,6,0,"3,3,6,0",,
3,3,6,0,"3,3,6,0",,
3,3,6,0,"3,3,6,0",,
3,3,6,0,"3,3,6,0",,
3,3,6,0,"3,3,6,0",,
3,3,6,0,"3,3,6,0",,
3,3,6,0,"3,3,6,0",,
3,3,6,0,"3,3,6,0",,
3,3,6,0,"3,3,6,0",,
3,3,6,0,"3,3,6,0",,
3,3,6,0,"3,3,6,0",,
3,3,6,0,"3,3,6,0",,
3,3,6,0,"3,3,6,0",,
3,3,6,0,"3,3,6,0",,
3,3,6,0,"3,3,6,0",,
3,3,6,0,"3,3,6,0",,
3,3,6,0,"3,3,6,0",,
3,3,6,0,"3,3,6,0",,
3,3,6,0,"3,3,6,0",,
3,3,6,0,"3,3,6,0",,
3,0,3,3,"3,0,3,3",,
6,0,6,6,"6,0,6,6",,
11,1,12,10,"11,1,12,10",,
5,0,5,5,"5,0,5,5",,
2,1,3,1,"2,1,3,1",,
1,1,2,0,"1,1,2,0",,
1,1,2,0,"1,1,2,0",,
1,1,2,0,"1,1,2,0",,
1,1,2,0,"1,1,2,0",,
1,0,1,1,"1,0,1,1",,
2,0,2,2,"2,0,2,2",,
1,1,2,0,"1,1,2,0",,
1,1,2,0,"1,1,2,0",,
0,1,1,-1,"0,1,1,-1",,
1,1,2,0,"1,1,2,0",,
1,1,2,0,"1,1,2,0",,
1,1,2,0,"1,1,2,0",,
1,1,2,0,"1,1,2,0",,
1,1,2,0,"1,1,2,0",,
0,1,1,-1,"0,1,1,-1",,
1,1,2,0,"1,1,2,0",,
1,1,2,0,"1,1,2,0",,
2,2,4,0,"2,2,4,0",,
1,2,3,-1,"1,2,3,-1",,
2,3,5,-1,"2,3,5,-1",,
2,3,5,-1,"2,3,5,-1",,
1,2,3,-1,"1,2,3,-1",,
2,2,4,0,"2,2,4,0",,
3,2,5,1,"3,2,5,1",,
1,1,2,0,"1,1,2,0",,
1,1,2,0,"1,1,2,0",,
4,2,6,2,"4,2,6,2",,
10,2,12,8,"10,2,12,8",,
1,1,2,0,"1,1,2,0",,
1,1,2,0,"1,1,2,0",,
7,8,15,-1,"7,8,15,-1",,
11,1,12,10,"11,1,12,10",,
98,0,98,98,"98,0,98,98",,
1,0,1,1,"1,0,1,1",,
10,0,10,10,"10,0,10,10",,
4,0,4,4,"4,0,4,4",,
1,1,2,0,"1,1,2,0",,
27,15,42,12,"27,15,42,12",,
7,0,7,7,"7,0,7,7",,
2,2,4,0,"2,2,4,0",,
3,12,15,-9,"3,12,15,-9",,
32,8,40,24,"32,8,40,24",,
0,137,137,-137,"0,137,137,-137",,
4,4,8,0,"4,4,8,0",,
2,2,4,0,"2,2,4,0",,
152,0,152,152,"152,0,152,152",,
15,17,32,-2,"15,17,32,-2",,
1,1,2,0,"1,1,2,0",,
0,1,1,-1,"0,1,1,-1",,
0,2,2,-2,"0,2,2,-2",,
5,0,5,5,"5,0,5,5",,
1,1,2,0,"1,1,2,0",,
1,1,2,0,"1,1,2,0",,
1,1,2,0,"1,1,2,0",,
27,28,55,-1,"27,28,55,-1",,
2,0,2,2,"2,0,2,2",,
0,1,1,-1,"0,1,1,-1",,
1,1,2,0,"1,1,2,0",,
5,20,25,-15,"5,20,25,-15",,
18,3,21,15,"18,3,21,15",,
2,1,3,1,"2,1,3,1",,
4,3,7,1,"4,3,7,1",,
21,7,28,14,"21,7,28,14",,
2,1,3,1,"2,1,3,1",,
8,5,13,3,"8,5,13,3",,
7,2,9,5,"7,2,9,5",,
2,0,2,2,"2,0,2,2",,
4,0,4,4,"4,0,4,4",,
1,1,2,0,"1,1,2,0",,
13,1,14,12,"13,1,14,12",,
1,2,3,-1,"1,2,3,-1",,
57,0,57,57,"57,0,57,57",,
4,0,4,4,"4,0,4,4",,
21,0,21,21,"21,0,21,21",,
58,0,58,58,"58,0,58,58",,
16,0,16,16,"16,0,16,16",,
5,0,5,5,"5,0,5,5",,
16,7,23,9,"16,7,23,9",,
2,10,12,-8,"2,10,12,-8",,
1,1,2,0,"1,1,2,0",,
1,5,6,-4,"1,5,6,-4",,
0,8,8,-8,"0,8,8,-8",,
0,4,4,-4,"0,4,4,-4",,
0,4,4,-4,"0,4,4,-4",,
0,4,4,-4,"0,4,4,-4",,
1,1,2,0,"1,1,2,0",,
1,1,2,0,"1,1,2,0",,
1,1,2,0,"1,1,2,0",,
2,2,4,0,"2,2,4,0",,
1,1,2,0,"1,1,2,0",,
1,0,1,1,"1,0,1,1",,
1,1,2,0,"1,1,2,0",,
12,0,12,12,"12,0,12,12",,
3,1,4,2,"3,1,4,2",,
10,4,14,6,"10,4,14,6",,
12,3,15,9,"12,3,15,9",,
23,4,27,19,"23,4,27,19",,
28,9,37,19,"28,9,37,19",,
1,1,2,0,"1,1,2,0",,
3,2,5,1,"3,2,5,1",,
6,0,6,6,"6,0,6,6",,
11,4,15,7,"11,4,15,7",,
8,0,8,8,"8,0,8,8",,
17,0,17,17,"17,0,17,17",,
6,0,6,6,"6,0,6,6",,
1,1,2,0,"1,1,2,0",,
14,2,16,12,"14,2,16,12",,
4,3,7,1,"4,3,7,1",,
1,10,11,-9,"1,10,11,-9",,
1,2,3,-1,"1,2,3,-1",,
3,1,4,2,"3,1,4,2",,
9,3,12,6,"9,3,12,6",,
7,3,10,4,"7,3,10,4",,
2,2,4,0,"2,2,4,0",,
0,1,1,-1,"0,1,1,-1",,
14,14,28,0,"14,14,28,0",,
3,1,4,2,"3,1,4,2",,
1,0,1,1,"1,0,1,1",,
10,26,36,-16,"10,26,36,-16",,
36,0,36,36,"36,0,36,36",,
4,0,4,4,"4,0,4,4",,
6,0,6,6,"6,0,6,6",,
38,0,38,38,"38,0,38,38",,
1,0,1,1,"1,0,1,1",,
3,2,5,1,"3,2,5,1",,
1,0,1,1,"1,0,1,1",,
4,0,4,4,"4,0,4,4",,
2,0,2,2,"2,0,2,2",,
19,1,20,18,"19,1,20,18",,
4,1,5,3,"4,1,5,3",,
18,3,21,15,"18,3,21,15",,
34,6,40,28,"34,6,40,28",,
1,1,2,0,"1,1,2,0",,
1,0,1,1,"1,0,1,1",,
3,1,4,2,"3,1,4,2",,
11,0,11,11,"11,0,11,11",,
12,12,24,0,"12,12,24,0",,
1,1,2,0,"1,1,2,0",,
1,13,14,-12,"1,13,14,-12",,
1,1,2,0,"1,1,2,0",,
0,57,57,-57,"0,57,57,-57",,
0,4,4,-4,"0,4,4,-4",,
0,21,21,-21,"0,21,21,-21",,
0,58,58,-58,"0,58,58,-58",,
0,16,16,-16,"0,16,16,-16",,
0,5,5,-5,"0,5,5,-5",,
7,16,23,-9,"7,16,23,-9",,
1,1,2,0,"1,1,2,0",,
13,1,14,12,"13,1,14,12",,
1,1,2,0,"1,1,2,0",,
57,0,57,57,"57,0,57,57",,
4,0,4,4,"4,0,4,4",,
21,0,21,21,"21,0,21,21",,
58,0,58,58,"58,0,58,58",,
16,0,16,16,"16,0,16,16",,
5,0,5,5,"5,0,5,5",,
16,7,23,9,"16,7,23,9",,
0,9,9,-9,"0,9,9,-9",,
3,5,8,-2,"3,5,8,-2",,
2,2,4,0,"2,2,4,0",,
0,1,1,-1,"0,1,1,-1",,
5,7,12,-2,"5,7,12,-2",,
2,10,12,-8,"2,10,12,-8",,
1,1,2,0,"1,1,2,0",,
3,0,3,3,"3,0,3,3",,
7,0,7,7,"7,0,7,7",,
6,0,6,6,"6,0,6,6",,
1,0,1,1,"1,0,1,1",,
4,2,6,2,"4,2,6,2",,
41,16,57,25,"41,16,57,25",,
1,1,2,0,"1,1,2,0",,
1,1,2,0,"1,1,2,0",,
1,1,2,0,"1,1,2,0",,
0,1,1,-1,"0,1,1,-1",,
1,1,2,0,"1,1,2,0",,
1,1,2,0,"1,1,2,0",,
1,1,2,0,"1,1,2,0",,
10,3,13,7,"10,3,13,7",,
0,1,1,-1,"0,1,1,-1",,
3,1,4,2,"3,1,4,2",,
4,1,5,3,"4,1,5,3",,
5,1,6,4,"5,1,6,4",,
14,3,17,11,"14,3,17,11",,
7,1,8,6,"7,1,8,6",,
0,53,53,-53,"0,53,53,-53",,
0,5,5,-5,"0,5,5,-5",,
0,6,6,-6,"0,6,6,-6",,
0,27,27,-27,"0,27,27,-27",,
0,195,195,-195,"0,195,195,-195",,
0,1,1,-1,"0,1,1,-1",,
0,1,1,-1,"0,1,1,-1",,
0,1,1,-1,"0,1,1,-1",,
0,1,1,-1,"0,1,1,-1",,
1,3,4,-2,"1,3,4,-2",,
2,1,3,1,"2,1,3,1",,
15,0,15,15,"15,0,15,15",,
7,0,7,7,"7,0,7,7",,
8,2,10,6,"8,2,10,6",,
2,3,5,-1,"2,3,5,-1",,
2,2,4,0,"2,2,4,0",,
1,1,2,0,"1,1,2,0",,
3,3,6,0,"3,3,6,0",,
3,3,6,0,"3,3,6,0",,
2,2,4,0,"2,2,4,0",,
1,1,2,0,"1,1,2,0",,
1,1,2,0,"1,1,2,0",,
8,0,8,8,"8,0,8,8",,
8,5,13,3,"8,5,13,3",,
2,1,3,1,"2,1,3,1",,
6,1,7,5,"6,1,7,5",,
1,1,2,0,"1,1,2,0",,
3,0,3,3,"3,0,3,3",,
34,4,38,30,"34,4,38,30",,
5,3,8,2,"5,3,8,2",,
4,2,6,2,"4,2,6,2",,
1,1,2,0,"1,1,2,0",,
3,2,5,1,"3,2,5,1",,
4,3,7,1,"4,3,7,1",,
2,1,3,1,"2,1,3,1",,
2,1,3,1,"2,1,3,1",,
2,1,3,1,"2,1,3,1",,
2,2,4,0,"2,2,4,0",,
1,1,2,0,"1,1,2,0",,
7,1,8,6,"7,1,8,6",,
6,0,6,6,"6,0,6,6",,
6,0,6,6,"6,0,6,6",,
47,62,109,-15,"47,62,109,-15",,
2,1,3,1,"2,1,3,1",,
2,0,2,2,"2,0,2,2",,
1,0,1,1,"1,0,1,1",,
2,2,4,0,"2,2,4,0",,
16,0,16,16,"16,0,16,16",,
3,2,5,1,"3,2,5,1",,
3,1,4,2,"3,1,4,2",,
7,2,9,5,"7,2,9,5",,
91,11,102,80,"91,11,102,80",,
2,1,3,1,"2,1,3,1",,
11,0,11,11,"11,0,11,11",,
5,4,9,1,"5,4,9,1",,
2,1,3,1,"2,1,3,1",,
2,2,4,0,"2,2,4,0",,
4,0,4,4,"4,0,4,4",,
6,0,6,6,"6,0,6,6",,
1,1,2,0,"1,1,2,0",,
1,1,2,0,"1,1,2,0",,
0,49,49,-49,"0,49,49,-49",,
0,5,5,-5,"0,5,5,-5",,
0,6,6,-6,"0,6,6,-6",,
0,79,79,-79,"0,79,79,-79",,
0,109,109,-109,"0,109,109,-109",,
0,77,77,-77,"0,77,77,-77",,
0,48,48,-48,"0,48,48,-48",,
0,31,31,-31,"0,31,31,-31",,
0,9,9,-9,"0,9,9,-9",,
0,1,1,-1,"0,1,1,-1",,
15,28,43,-13,"15,28,43,-13",,
1,25,26,-24,"1,25,26,-24",,
0,50,50,-50,"0,50,50,-50",,
0,7,7,-7,"0,7,7,-7",,
0,1,1,-1,"0,1,1,-1",,
11,1,12,10,"11,1,12,10",,
14,1,15,13,"14,1,15,13",,
2,0,2,2,"2,0,2,2",,
1,2,3,-1,"1,2,3,-1",,
30,5,35,25,"30,5,35,25",,
5,0,5,5,"5,0,5,5",,
1,3,4,-2,"1,3,4,-2",,
23,5,28,18,"23,5,28,18",,
9,9,18,0,"9,9,18,0",,
128,0,128,128,"128,0,128,128",,
4,4,8,0,"4,4,8,0",,
64,8,72,56,"64,8,72,56",,
1,0,1,1,"1,0,1,1",,
1,0,1,1,"1,0,1,1",,
34,0,34,34,"34,0,34,34",,
60,0,60,60,"60,0,60,60",,
15,1,16,14,"15,1,16,14",,
4,0,4,4,"4,0,4,4",,
1,1,2,0,"1,1,2,0",,
1,1,2,0,"1,1,2,0",,
1,1,2,0,"1,1,2,0",,
3,3,6,0,"3,3,6,0",,
2,0,2,2,"2,0,2,2",,
10,3,13,7,"10,3,13,7",,
4,2,6,2,"4,2,6,2",,
1,1,2,0,"1,1,2,0",,
1,1,2,0,"1,1,2,0",,
1,1,2,0,"1,1,2,0",,
9,4,13,5,"9,4,13,5",,
6,2,8,4,"6,2,8,4",,
1,1,2,0,"1,1,2,0",,
2,1,3,1,"2,1,3,1",,
14,0,14,14,"14,0,14,14",,
2,1,3,1,"2,1,3,1",,
2,1,3,1,"2,1,3,1",,
29,0,29,29,"29,0,29,29",,
16,1,17,15,"16,1,17,15",,
4,2,6,2,"4,2,6,2",,
144,0,144,144,"144,0,144,144",,
132,0,132,132,"132,0,132,132",,
12,0,12,12,"12,0,12,12",,
16,0,16,16,"16,0,16,16",,
8,0,8,8,"8,0,8,8",,
30,0,30,30,"30,0,30,30",,
5,0,5,5,"5,0,5,5",,
1,1,2,0,"1,1,2,0",,
3,2,5,1,"3,2,5,1",,
12,0,12,12,"12,0,12,12",,
6,0,6,6,"6,0,6,6",,
1,1,2,0,"1,1,2,0",,
2,1,3,1,"2,1,3,1",,
2,1,3,1,"2,1,3,1",,
3,1,4,2,"3,1,4,2",,
2,1,3,1,"2,1,3,1",,
3,1,4,2,"3,1,4,2",,
1,8,9,-7,"1,8,9,-7",,
5,0,5,5,"5,0,5,5",,
2,0,2,2,"2,0,2,2",,
12,2,14,10,"12,2,14,10",,
1,0,1,1,"1,0,1,1",,
1,1,2,0,"1,1,2,0",,
1,1,2,0,"1,1,2,0",,
5,2,7,3,"5,2,7,3",,
2,2,4,0,"2,2,4,0",,
1,1,2,0,"1,1,2,0",,
2,0,2,2,"2,0,2,2",,
1,2,3,-1,"1,2,3,-1",,
1,1,2,0,"1,1,2,0",,
1,1,2,0,"1,1,2,0",,
1,1,2,0,"1,1,2,0",,
7,1,8,6,"7,1,8,6",,
2,1,3,1,"2,1,3,1",,
1,1,2,0,"1,1,2,0",,
1,1,2,0,"1,1,2,0",,
7,0,7,7,"7,0,7,7",,
16,0,16,16,"16,0,16,16",,
2,0,2,2,"2,0,2,2",,
5,0,5,5,"5,0,5,5",,
1,2,3,-1,"1,2,3,-1",,
1,2,3,-1,"1,2,3,-1",,
1,1,2,0,"1,1,2,0",,
1,1,2,0,"1,1,2,0",,
2,1,3,1,"2,1,3,1",,
2,2,4,0,"2,2,4,0",,
2,1,3,1,"2,1,3,1",,
2,1,3,1,"2,1,3,1",,
13,72,85,-59,"13,72,85,-59",,
28,122,150,-94,"28,122,150,-94",,
50,167,217,-117,"50,167,217,-117",,
77,400,477,-323,"77,400,477,-323",,
3,136,139,-133,"3,136,139,-133",,
6,53,59,-47,"6,53,59,-47",,
116,0,116,116,"116,0,116,116",,
161,0,161,161,"161,0,161,161",,
9,1,10,8,"9,1,10,8",,
8,2,10,6,"8,2,10,6",,
266,0,266,266,"266,0,266,266",,
568,0,568,568,"568,0,568,568",,
6,1,7,5,"6,1,7,5",,
160,0,160,160,"160,0,160,160",,
91,0,91,91,"91,0,91,91",,
1,1,2,0,"1,1,2,0",,
2,1,3,1,"2,1,3,1",,
6,1,7,5,"6,1,7,5",,
2,1,3,1,"2,1,3,1",,
5,3,8,2,"5,3,8,2",,
2,1,3,1,"2,1,3,1",,
4,3,7,1,"4,3,7,1",,
3,2,5,1,"3,2,5,1",,
6,1,7,5,"6,1,7,5",,
2,1,3,1,"2,1,3,1",,
0,1,1,-1,"0,1,1,-1",,
5,0,5,5,"5,0,5,5",,
2,0,2,2,"2,0,2,2",,
4,2,6,2,"4,2,6,2",,
2,2,4,0,"2,2,4,0",,
5,0,5,5,"5,0,5,5",,
0,4,4,-4,"0,4,4,-4",,
15,0,15,15,"15,0,15,15",,
13,0,13,13,"13,0,13,13",,
5,3,8,2,"5,3,8,2",,
15,2,17,13,"15,2,17,13",,
7,0,7,7,"7,0,7,7",,
1,1,2,0,"1,1,2,0",,
1,1,2,0,"1,1,2,0",,
1,1,2,0,"1,1,2,0",,
1,1,2,0,"1,1,2,0",,
1,1,2,0,"1,1,2,0",,
1,1,2,0,"1,1,2,0",,
0,1,1,-1,"0,1,1,-1",,
10,0,10,10,"10,0,10,10",,
1,1,2,0,"1,1,2,0",,
1,1,2,0,"1,1,2,0",,
1,1,2,0,"1,1,2,0",,
1,1,2,0,"1,1,2,0",,
1,1,2,0,"1,1,2,0",,
1,1,2,0,"1,1,2,0",,
0,3,3,-3,"0,3,3,-3",,
2,1,3,1,"2,1,3,1",,
1,1,2,0,"1,1,2,0",,
1,1,2,0,"1,1,2,0",,
1,1,2,0,"1,1,2,0",,
1,1,2,0,"1,1,2,0",,
1,1,2,0,"1,1,2,0",,
1,1,2,0,"1,1,2,0",,
1,1,2,0,"1,1,2,0",,
1,1,2,0,"1,1,2,0",,
1,1,2,0,"1,1,2,0",,
1,1,2,0,"1,1,2,0",,
1,1,2,0,"1,1,2,0",,
1,1,2,0,"1,1,2,0",,
1,1,2,0,"1,1,2,0",,
1,1,2,0,"1,1,2,0",,
1,1,2,0,"1,1,2,0",,
1,1,2,0,"1,1,2,0",,
1,1,2,0,"1,1,2,0",,
1,1,2,0,"1,1,2,0",,
1,1,2,0,"1,1,2,0",,
1,1,2,0,"1,1,2,0",,
1,1,2,0,"1,1,2,0",,
1,1,2,0,"1,1,2,0",,
1,1,2,0,"1,1,2,0",,
1,1,2,0,"1,1,2,0",,
1,1,2,0,"1,1,2,0",,
1,1,2,0,"1,1,2,0",,
1,1,2,0,"1,1,2,0",,
1,1,2,0,"1,1,2,0",,
1,1,2,0,"1,1,2,0",,
1,1,2,0,"1,1,2,0",,
1,1,2,0,"1,1,2,0",,
1,1,2,0,"1,1,2,0",,
1,1,2,0,"1,1,2,0",,
1,1,2,0,"1,1,2,0",,
1,0,1,1,"1,0,1,1",,
13,0,13,13,"13,0,13,13",,
0,0,0,0,"0,0,0,0",,
2,1,3,1,"2,1,3,1",,
15,2,17,13,"15,2,17,13",,
11,1,12,10,"11,1,12,10",,
9,4,13,5,"9,4,13,5",,
1,1,2,0,"1,1,2,0",,
13,13,26,0,"13,13,26,0",,
4,1,5,3,"4,1,5,3",,
1,1,2,0,"1,1,2,0",,
2,2,4,0,"2,2,4,0",,
35,0,35,35,"35,0,35,35",,
13,0,13,13,"13,0,13,13",,
32,0,32,32,"32,0,32,32",,
4,0,4,4,"4,0,4,4",,
21,0,21,21,"21,0,21,21",,
3,1,4,2,"3,1,4,2",,
1,1,2,0,"1,1,2,0",,
0,2,2,-2,"0,2,2,-2",,
0,2,2,-2,"0,2,2,-2",,
0,2,2,-2,"0,2,2,-2",,
0,2,2,-2,"0,2,2,-2",,
0,2,2,-2,"0,2,2,-2",,
0,2,2,-2,"0,2,2,-2",,
0,2,2,-2,"0,2,2,-2",,
4,0,4,4,"4,0,4,4",,
0,3,3,-3,"0,3,3,-3",,
1,1,2,0,"1,1,2,0",,
11,2,13,9,"11,2,13,9",,
0,3,3,-3,"0,3,3,-3",,
2,3,5,-1,"2,3,5,-1",,
1,4,5,-3,"1,4,5,-3",,
1,2,3,-1,"1,2,3,-1",,
3,3,6,0,"3,3,6,0",,
1,1,2,0,"1,1,2,0",,
2,0,2,2,"2,0,2,2",,
2,4,6,-2,"2,4,6,-2",,
7,7,14,0,"7,7,14,0",,
4,4,8,0,"4,4,8,0",,
1,1,2,0,"1,1,2,0",,
4,4,8,0,"4,4,8,0",,
3,3,6,0,"3,3,6,0",,
2,2,4,0,"2,2,4,0",,
1,1,2,0,"1,1,2,0",,
1,1,2,0,"1,1,2,0",,
1,1,2,0,"1,1,2,0",,
0,1,1,-1,"0,1,1,-1",,
46,0,46,46,"46,0,46,46",,
17,0,17,17,"17,0,17,17",,
2,3,5,-1,"2,3,5,-1",,
34,25,59,9,"34,25,59,9",,
16,3,19,13,"16,3,19,13",,
3,0,3,3,"3,0,3,3",,
4,0,4,4,"4,0,4,4",,
3,0,3,3,"3,0,3,3",,
19,0,19,19,"19,0,19,19",,
6,0,6,6,"6,0,6,6",,
0,1,1,-1,"0,1,1,-1",,
35,1,36,34,"35,1,36,34",,
1,1,2,0,"1,1,2,0",,
3,1,4,2,"3,1,4,2",,
5,0,5,5,"5,0,5,5",,
5,0,5,5,"5,0,5,5",,
6,0,6,6,"6,0,6,6",,
1,1,2,0,"1,1,2,0",,
5,0,5,5,"5,0,5,5",,
11,0,11,11,"11,0,11,11",,
5,0,5,5,"5,0,5,5",,
14,3,17,11,"14,3,17,11",,
11,1,12,10,"11,1,12,10",,
1,1,2,0,"1,1,2,0",,
3,1,4,2,"3,1,4,2",,
3,1,4,2,"3,1,4,2",,
11,4,15,7,"11,4,15,7",,
1,1,2,0,"1,1,2,0",,
2,0,2,2,"2,0,2,2",,
2,0,2,2,"2,0,2,2",,
0,6,6,-6,"0,6,6,-6",,
1,1,2,0,"1,1,2,0",,
1,1,2,0,"1,1,2,0",,
1,6,7,-5,"1,6,7,-5",,
32,0,32,32,"32,0,32,32",,
2,2,4,0,"2,2,4,0",,
6,131,137,-125,"6,131,137,-125",,
158,0,158,158,"158,0,158,158",,
2,2,4,0,"2,2,4,0",,
2,1,3,1,"2,1,3,1",,
7,0,7,7,"7,0,7,7",,
39,1,40,38,"39,1,40,38",,
2,2,4,0,"2,2,4,0",,
0,38,38,-38,"0,38,38,-38",,
6,19,25,-13,"6,19,25,-13",,
7,0,7,7,"7,0,7,7",,
41,4,45,37,"41,4,45,37",,
26,9,35,17,"26,9,35,17",,
5,9,14,-4,"5,9,14,-4",,
13,9,22,4,"13,9,22,4",,
4,1,5,3,"4,1,5,3",,
9,0,9,9,"9,0,9,9",,
2,2,4,0,"2,2,4,0",,
2,0,2,2,"2,0,2,2",,
29,0,29,29,"29,0,29,29",,
42,0,42,42,"42,0,42,42",,
147,0,147,147,"147,0,147,147",,
0,1,1,-1,"0,1,1,-1",,
195,0,195,195,"195,0,195,195",,
7,0,7,7,"7,0,7,7",,
10,2,12,8,"10,2,12,8",,
9,3,12,6,"9,3,12,6",,
75,0,75,75,"75,0,75,75",,
69,0,69,69,"69,0,69,69",,
145,0,145,145,"145,0,145,145",,
31,26,57,5,"31,26,57,5",,
9,9,18,0,"9,9,18,0",,
2,2,4,0,"2,2,4,0",,
21,121,142,-100,"21,121,142,-100",,
142,0,142,142,"142,0,142,142",,
3,0,3,3,"3,0,3,3",,
19,0,19,19,"19,0,19,19",,
32,0,32,32,"32,0,32,32",,
3,3,6,0,"3,3,6,0",,
0,1,1,-1,"0,1,1,-1",,
16,0,16,16,"16,0,16,16",,
8,7,15,1,"8,7,15,1",,
4,4,8,0,"4,4,8,0",,
8,6,14,2,"8,6,14,2",,
40,19,59,21,"40,19,59,21",,
17,2,19,15,"17,2,19,15",,
43,0,43,43,"43,0,43,43",,
2,1,3,1,"2,1,3,1",,
5,129,134,-124,"5,129,134,-124",,
2,1,3,1,"2,1,3,1",,
11,6,17,5,"11,6,17,5",,
156,0,156,156,"156,0,156,156",,
11,34,45,-23,"11,34,45,-23",,
92,60,152,32,"92,60,152,32",,
128,70,198,58,"128,70,198,58",,
106,0,106,106,"106,0,106,106",,
3,86,89,-83,"3,86,89,-83",,
2,0,2,2,"2,0,2,2",,
2,2,4,0,"2,2,4,0",,
1,2,3,-1,"1,2,3,-1",,
10,1,11,9,"10,1,11,9",,
3,1,4,2,"3,1,4,2",,
1,1,2,0,"1,1,2,0",,
0,73,73,-73,"0,73,73,-73",,
0,36,36,-36,"0,36,36,-36",,
2,1,3,1,"2,1,3,1",,
4,1,5,3,"4,1,5,3",,
2,1,3,1,"2,1,3,1",,
18,0,18,18,"18,0,18,18",,
1,1,2,0,"1,1,2,0",,
6,3,9,3,"6,3,9,3",,
4,4,8,0,"4,4,8,0",,
17,7,24,10,"17,7,24,10",,
13,6,19,7,"13,6,19,7",,
3,2,5,1,"3,2,5,1",,
13,6,19,7,"13,6,19,7",,
2,1,3,1,"2,1,3,1",,
2,2,4,0,"2,2,4,0",,
3,1,4,2,"3,1,4,2",,
26,0,26,26,"26,0,26,26",,
0,6,6,-6,"0,6,6,-6",,
6,5,11,1,"6,5,11,1",,
92,60,152,32,"92,60,152,32",,
128,70,198,58,"128,70,198,58",,
15,7,22,8,"15,7,22,8",,
23,20,43,3,"23,20,43,3",,
1,0,1,1,"1,0,1,1",,
1,0,1,1,"1,0,1,1",,
0,4,4,-4,"0,4,4,-4",,
0,0,0,0,"0,0,0,0",,
2,1,3,1,"2,1,3,1",,
1,1,2,0,"1,1,2,0",,
1,1,2,0,"1,1,2,0",,
1,1,2,0,"1,1,2,0",,
7,0,7,7,"7,0,7,7",,
1,1,2,0,"1,1,2,0",,
0,1,1,-1,"0,1,1,-1",,
1,1,2,0,"1,1,2,0",,
1,1,2,0,"1,1,2,0",,
1,1,2,0,"1,1,2,0",,
3,3,6,0,"3,3,6,0",,
1,1,2,0,"1,1,2,0",,
1,1,2,0,"1,1,2,0",,
1,1,2,0,"1,1,2,0",,
1,1,2,0,"1,1,2,0",,
1,1,2,0,"1,1,2,0",,
12,0,12,12,"12,0,12,12",,
2,0,2,2,"2,0,2,2",,
1,0,1,1,"1,0,1,1",,
2,0,2,2,"2,0,2,2",,
2,0,2,2,"2,0,2,2",,
5,0,5,5,"5,0,5,5",,
2,0,2,2,"2,0,2,2",,
10,0,10,10,"10,0,10,10",,
1,1,2,0,"1,1,2,0",,
1,1,2,0,"1,1,2,0",,
1,1,2,0,"1,1,2,0",,
1,1,2,0,"1,1,2,0",,
1,1,2,0,"1,1,2,0",,
1,0,1,1,"1,0,1,1",,
1,1,2,0,"1,1,2,0",,
1,1,2,0,"1,1,2,0",,
0,1,1,-1,"0,1,1,-1",,
1,1,2,0,"1,1,2,0",,
1,1,2,0,"1,1,2,0",,
1,1,2,0,"1,1,2,0",,
1,1,2,0,"1,1,2,0",,
1,1,2,0,"1,1,2,0",,
1,1,2,0,"1,1,2,0",,
1,1,2,0,"1,1,2,0",,
1,1,2,0,"1,1,2,0",,
1,1,2,0,"1,1,2,0",,
1,1,2,0,"1,1,2,0",,
1,1,2,0,"1,1,2,0",,
1,1,2,0,"1,1,2,0",,
1,1,2,0,"1,1,2,0",,
1,1,2,0,"1,1,2,0",,
1,1,2,0,"1,1,2,0",,
1,1,2,0,"1,1,2,0",,
3,1,4,2,"3,1,4,2",,
3,1,4,2,"3,1,4,2",,
4,2,6,2,"4,2,6,2",,
3,1,4,2,"3,1,4,2",,
3,1,4,2,"3,1,4,2",,
3,1,4,2,"3,1,4,2",,
2,1,3,1,"2,1,3,1",,
14,0,14,14,"14,0,14,14",,
8,0,8,8,"8,0,8,8",,
12,0,12,12,"12,0,12,12",,
3,1,4,2,"3,1,4,2",,
3,1,4,2,"3,1,4,2",,
3,1,4,2,"3,1,4,2",,
4,2,6,2,"4,2,6,2",,
4,2,6,2,"4,2,6,2",,
0,1,1,-1,"0,1,1,-1",,
3,1,4,2,"3,1,4,2",,
3,1,4,2,"3,1,4,2",,
3,1,4,2,"3,1,4,2",,
3,1,4,2,"3,1,4,2",,
3,1,4,2,"3,1,4,2",,
3,1,4,2,"3,1,4,2",,
4,2,6,2,"4,2,6,2",,
3,1,4,2,"3,1,4,2",,
3,1,4,2,"3,1,4,2",,
3,1,4,2,"3,1,4,2",,
4,2,6,2,"4,2,6,2",,
4,2,6,2,"4,2,6,2",,
3,1,4,2,"3,1,4,2",,
3,1,4,2,"3,1,4,2",,
3,1,4,2,"3,1,4,2",,
3,1,4,2,"3,1,4,2",,
3,1,4,2,"3,1,4,2",,
3,1,4,2,"3,1,4,2",,
3,1,4,2,"3,1,4,2",,
3,1,4,2,"3,1,4,2",,
3,1,4,2,"3,1,4,2",,
3,1,4,2,"3,1,4,2",,
3,1,4,2,"3,1,4,2",,
3,1,4,2,"3,1,4,2",,
3,1,4,2,"3,1,4,2",,
3,1,4,2,"3,1,4,2",,
27,5,32,22,"27,5,32,22",,
12,11,23,1,"12,11,23,1",,
2,9,11,-7,"2,9,11,-7",,
1,15,16,-14,"1,15,16,-14",,
0,23,23,-23,"0,23,23,-23",,
0,3,3,-3,"0,3,3,-3",,
0,26,26,-26,"0,26,26,-26",,
2,0,2,2,"2,0,2,2",,
12,0,12,12,"12,0,12,12",,
24,0,24,24,"24,0,24,24",,
1,0,1,1,"1,0,1,1",,
19,0,19,19,"19,0,19,19",,
10,19,29,-9,"10,19,29,-9",,
1,15,16,-14,"1,15,16,-14",,
0,23,23,-23,"0,23,23,-23",,
0,2,2,-2,"0,2,2,-2",,
0,26,26,-26,"0,26,26,-26",,
10,0,10,10,"10,0,10,10",,
15,3,18,12,"15,3,18,12",,
8,1,9,7,"8,1,9,7",,
2,1,3,1,"2,1,3,1",,
1,1,2,0,"1,1,2,0",,
0,5,5,-5,"0,5,5,-5",,
0,3,3,-3,"0,3,3,-3",,
1,1,2,0,"1,1,2,0",,
0,5,5,-5,"0,5,5,-5",,
1,1,2,0,"1,1,2,0",,
1,1,2,0,"1,1,2,0",,
18,5,23,13,"18,5,23,13",,
9,3,12,6,"9,3,12,6",,
3,1,4,2,"3,1,4,2",,
0,2,2,-2,"0,2,2,-2",,
1,0,1,1,"1,0,1,1",,
1,0,1,1,"1,0,1,1",,
28,2,30,26,"28,2,30,26",,
9,0,9,9,"9,0,9,9",,
4,0,4,4,"4,0,4,4",,
45,16,61,29,"45,16,61,29",,
18,2,20,16,"18,2,20,16",,
12,0,12,12,"12,0,12,12",,
11,3,14,8,"11,3,14,8",,
9,0,9,9,"9,0,9,9",,
1,9,10,-8,"1,9,10,-8",,
0,80,80,-80,"0,80,80,-80",,
1,2,3,-1,"1,2,3,-1",,
5,1,6,4,"5,1,6,4",,
26,11,37,15,"26,11,37,15",,
8,0,8,8,"8,0,8,8",,
2,2,4,0,"2,2,4,0",,
12,0,12,12,"12,0,12,12",,
31,0,31,31,"31,0,31,31",,
14,0,14,14,"14,0,14,14",,
38,0,38,38,"38,0,38,38",,
47,0,47,47,"47,0,47,47",,
1,11,12,-10,"1,11,12,-10",,
0,24,24,-24,"0,24,24,-24",,
9,2,11,7,"9,2,11,7",,
1,1,2,0,"1,1,2,0",,
22,0,22,22,"22,0,22,22",,
46,0,46,46,"46,0,46,46",,
0,2,2,-2,"0,2,2,-2",,
5,0,5,5,"5,0,5,5",,
46,0,46,46,"46,0,46,46",,
0,12,12,-12,"0,12,12,-12",,
3,11,14,-8,"3,11,14,-8",,
12,0,12,12,"12,0,12,12",,
11,3,14,8,"11,3,14,8",,
1,1,2,0,"1,1,2,0",,
1,3,4,-2,"1,3,4,-2",,
2,1,3,1,"2,1,3,1",,
1,0,1,1,"1,0,1,1",,
1,0,1,1,"1,0,1,1",,
5,6,11,-1,"5,6,11,-1",,
49,0,49,49,"49,0,49,49",,
1,1,2,0,"1,1,2,0",,
68,2,70,66,"68,2,70,66",,
14,0,14,14,"14,0,14,14",,
3,1,4,2,"3,1,4,2",,
9,1,10,8,"9,1,10,8",,
3,0,3,3,"3,0,3,3",,
1,1,2,0,"1,1,2,0",,
4,0,4,4,"4,0,4,4",,
10,0,10,10,"10,0,10,10",,
2,1,3,1,"2,1,3,1",,
1,1,2,0,"1,1,2,0",,
9,0,9,9,"9,0,9,9",,
1,1,2,0,"1,1,2,0",,
14,14,28,0,"14,14,28,0",,
7,1,8,6,"7,1,8,6",,
28,0,28,28,"28,0,28,28",,
1,1,2,0,"1,1,2,0",,
11,1,12,10,"11,1,12,10",,
5,2,7,3,"5,2,7,3",,
2,1,3,1,"2,1,3,1",,
1,2,3,-1,"1,2,3,-1",,
0,14,14,-14,"0,14,14,-14",,
1,28,29,-27,"1,28,29,-27",,
3,4,7,-1,"3,4,7,-1",,
4,0,4,4,"4,0,4,4",,
1,1,2,0,"1,1,2,0",,
31,2,33,29,"31,2,33,29",,
30,7,37,23,"30,7,37,23",,
6,2,8,4,"6,2,8,4",,
2,1,3,1,"2,1,3,1",,
14,0,14,14,"14,0,14,14",,
28,1,29,27,"28,1,29,27",,
4,3,7,1,"4,3,7,1",,
1,1,2,0,"1,1,2,0",,
3,0,3,3,"3,0,3,3",,
82,14,96,68,"82,14,96,68",,
0,3,3,-3,"0,3,3,-3",,
0,4,4,-4,"0,4,4,-4",,
0,1,1,-1,"0,1,1,-1",,
4,0,4,4,"4,0,4,4",,
13,0,13,13,"13,0,13,13",,
39,3,42,36,"39,3,42,36",,
11,1,12,10,"11,1,12,10",,
121,0,121,121,"121,0,121,121",,
3,0,3,3,"3,0,3,3",,
1,1,2,0,"1,1,2,0",,
453,263,716,190,"453,263,716,190",,
11,4,15,7,"11,4,15,7",,
18,11,29,7,"18,11,29,7",,
8,0,8,8,"8,0,8,8",,
8,0,8,8,"8,0,8,8",,
8,0,8,8,"8,0,8,8",,
8,0,8,8,"8,0,8,8",,
8,0,8,8,"8,0,8,8",,
8,0,8,8,"8,0,8,8",,
14,6,20,8,"14,6,20,8",,
8,0,8,8,"8,0,8,8",,
10,2,12,8,"10,2,12,8",,
8,0,8,8,"8,0,8,8",,
8,0,8,8,"8,0,8,8",,
36,29,65,7,"36,29,65,7",,
8,0,8,8,"8,0,8,8",,
8,0,8,8,"8,0,8,8",,
8,0,8,8,"8,0,8,8",,
8,0,8,8,"8,0,8,8",,
11,4,15,7,"11,4,15,7",,
18,11,29,7,"18,11,29,7",,
8,0,8,8,"8,0,8,8",,
8,0,8,8,"8,0,8,8",,
1870,0,1870,1870,"1870,0,1870,1870",,
404,0,404,404,"404,0,404,404",,
429,0,429,429,"429,0,429,429",,
12,5,17,7,"12,5,17,7",,
12,5,17,7,"12,5,17,7",,
11,3,14,8,"11,3,14,8",,
8,0,8,8,"8,0,8,8",,
9,2,11,7,"9,2,11,7",,
14,12,26,2,"14,12,26,2",,
9,2,11,7,"9,2,11,7",,
9,2,11,7,"9,2,11,7",,
17,11,28,6,"17,11,28,6",,
8,0,8,8,"8,0,8,8",,
15,13,28,2,"15,13,28,2",,
18,11,29,7,"18,11,29,7",,
8,0,8,8,"8,0,8,8",,
9,2,11,7,"9,2,11,7",,
13,5,18,8,"13,5,18,8",,
9,2,11,7,"9,2,11,7",,
15,14,29,1,"15,14,29,1",,
9,1,10,8,"9,1,10,8",,
9,2,11,7,"9,2,11,7",,
13,6,19,7,"13,6,19,7",,
8,0,8,8,"8,0,8,8",,
8,0,8,8,"8,0,8,8",,
11,3,14,8,"11,3,14,8",,
24,21,45,3,"24,21,45,3",,
9,2,11,7,"9,2,11,7",,
16,14,30,2,"16,14,30,2",,
11,6,17,5,"11,6,17,5",,
8,0,8,8,"8,0,8,8",,
8,0,8,8,"8,0,8,8",,
12,4,16,8,"12,4,16,8",,
17,13,30,4,"17,13,30,4",,
15,11,26,4,"15,11,26,4",,
8,0,8,8,"8,0,8,8",,
23,21,44,2,"23,21,44,2",,
15,13,28,2,"15,13,28,2",,
9,2,11,7,"9,2,11,7",,
10,4,14,6,"10,4,14,6",,
18,15,33,3,"18,15,33,3",,
9,2,11,7,"9,2,11,7",,
16,10,26,6,"16,10,26,6",,
9,2,11,7,"9,2,11,7",,
11,6,17,5,"11,6,17,5",,
606,0,606,606,"606,0,606,606",,
404,0,404,404,"404,0,404,404",,
429,0,429,429,"429,0,429,429",,
14,6,20,8,"14,6,20,8",,
8,0,8,8,"8,0,8,8",,
14,6,20,8,"14,6,20,8",,
9,2,11,7,"9,2,11,7",,
8,0,8,8,"8,0,8,8",,
9,2,11,7,"9,2,11,7",,
12,8,20,4,"12,8,20,4",,
8,0,8,8,"8,0,8,8",,
9,2,11,7,"9,2,11,7",,
9,2,11,7,"9,2,11,7",,
9,2,11,7,"9,2,11,7",,
16,12,28,4,"16,12,28,4",,
12,6,18,6,"12,6,18,6",,
13,6,19,7,"13,6,19,7",,
12,8,20,4,"12,8,20,4",,
13,10,23,3,"13,10,23,3",,
9,2,11,7,"9,2,11,7",,
10,2,12,8,"10,2,12,8",,
13,6,19,7,"13,6,19,7",,
12,6,18,6,"12,6,18,6",,
8,0,8,8,"8,0,8,8",,
10,2,12,8,"10,2,12,8",,
18,14,32,4,"18,14,32,4",,
17,16,33,1,"17,16,33,1",,
9,2,11,7,"9,2,11,7",,
9,2,11,7,"9,2,11,7",,
9,2,11,7,"9,2,11,7",,
9,2,11,7,"9,2,11,7",,
13,10,23,3,"13,10,23,3",,
8,0,8,8,"8,0,8,8",,
15,12,27,3,"15,12,27,3",,
9,2,11,7,"9,2,11,7",,
29,32,61,-3,"29,32,61,-3",,
38,28,66,10,"38,28,66,10",,
11,6,17,5,"11,6,17,5",,
9,1,10,8,"9,1,10,8",,
10,2,12,8,"10,2,12,8",,
8,0,8,8,"8,0,8,8",,
9,2,11,7,"9,2,11,7",,
8,0,8,8,"8,0,8,8",,
12,4,16,8,"12,4,16,8",,
47,54,101,-7,"47,54,101,-7",,
79,77,156,2,"79,77,156,2",,
39,26,65,13,"39,26,65,13",,
8,0,8,8,"8,0,8,8",,
57,55,112,2,"57,55,112,2",,
14,7,21,7,"14,7,21,7",,
8,0,8,8,"8,0,8,8",,
48,61,109,-13,"48,61,109,-13",,
10,2,12,8,"10,2,12,8",,
9,2,11,7,"9,2,11,7",,
11,4,15,7,"11,4,15,7",,
9,2,11,7,"9,2,11,7",,
8,0,8,8,"8,0,8,8",,
8,0,8,8,"8,0,8,8",,
9,2,11,7,"9,2,11,7",,
42,35,77,7,"42,35,77,7",,
34,29,63,5,"34,29,63,5",,
9,2,11,7,"9,2,11,7",,
10,4,14,6,"10,4,14,6",,
11,4,15,7,"11,4,15,7",,
8,0,8,8,"8,0,8,8",,
8,0,8,8,"8,0,8,8",,
8,0,8,8,"8,0,8,8",,
10,3,13,7,"10,3,13,7",,
8,0,8,8,"8,0,8,8",,
28,10,38,18,"28,10,38,18",,
8,0,8,8,"8,0,8,8",,
9,2,11,7,"9,2,11,7",,
31,14,45,17,"31,14,45,17",,
9,1,10,8,"9,1,10,8",,
9,2,11,7,"9,2,11,7",,
14,11,25,3,"14,11,25,3",,
9,2,11,7,"9,2,11,7",,
19,18,37,1,"19,18,37,1",,
14,7,21,7,"14,7,21,7",,
10,2,12,8,"10,2,12,8",,
9,2,11,7,"9,2,11,7",,
12,8,20,4,"12,8,20,4",,
693,0,693,693,"693,0,693,693",,
678,0,678,678,"678,0,678,678",,
911,55,966,856,"911,55,966,856",,
1622,0,1622,1622,"1622,0,1622,1622",,
1677,0,1677,1677,"1677,0,1677,1677",,
582,0,582,582,"582,0,582,582",,
1604,0,1604,1604,"1604,0,1604,1604",,
36,20,56,16,"36,20,56,16",,
1549,0,1549,1549,"1549,0,1549,1549",,
47,16,63,31,"47,16,63,31",,
21,2,23,19,"21,2,23,19",,
66,83,149,-17,"66,83,149,-17",,
20,3,23,17,"20,3,23,17",,
46,5,51,41,"46,5,51,41",,
8,0,8,8,"8,0,8,8",,
222,26,248,196,"222,26,248,196",,
8,0,8,8,"8,0,8,8",,
8,0,8,8,"8,0,8,8",,
9,2,11,7,"9,2,11,7",,
8,0,8,8,"8,0,8,8",,
8,0,8,8,"8,0,8,8",,
8,0,8,8,"8,0,8,8",,
16,8,24,8,"16,8,24,8",,
10,4,14,6,"10,4,14,6",,
9,2,11,7,"9,2,11,7",,
13,6,19,7,"13,6,19,7",,
16,8,24,8,"16,8,24,8",,
9,2,11,7,"9,2,11,7",,
8,0,8,8,"8,0,8,8",,
8,0,8,8,"8,0,8,8",,
8,0,8,8,"8,0,8,8",,
10,2,12,8,"10,2,12,8",,
11,3,14,8,"11,3,14,8",,
11,4,15,7,"11,4,15,7",,
9,2,11,7,"9,2,11,7",,
18,11,29,7,"18,11,29,7",,
20,17,37,3,"20,17,37,3",,
106,46,152,60,"106,46,152,60",,
8,0,8,8,"8,0,8,8",,
8,0,8,8,"8,0,8,8",,
11,4,15,7,"11,4,15,7",,
9,2,11,7,"9,2,11,7",,
15,7,22,8,"15,7,22,8",,
14,7,21,7,"14,7,21,7",,
8,0,8,8,"8,0,8,8",,
13,6,19,7,"13,6,19,7",,
35,29,64,6,"35,29,64,6",,
11,2,13,9,"11,2,13,9",,
14,6,20,8,"14,6,20,8",,
20,17,37,3,"20,17,37,3",,
11,4,15,7,"11,4,15,7",,
11,4,15,7,"11,4,15,7",,
10,2,12,8,"10,2,12,8",,
10,2,12,8,"10,2,12,8",,
10,2,12,8,"10,2,12,8",,
21,15,36,6,"21,15,36,6",,
9,2,11,7,"9,2,11,7",,
9,2,11,7,"9,2,11,7",,
14,7,21,7,"14,7,21,7",,
8,0,8,8,"8,0,8,8",,
10,2,12,8,"10,2,12,8",,
9,2,11,7,"9,2,11,7",,
66,13,79,53,"66,13,79,53",,
57,3,60,54,"57,3,60,54",,
63,6,69,57,"63,6,69,57",,
74,14,88,60,"74,14,88,60",,
10,1,11,9,"10,1,11,9",,
10,2,12,8,"10,2,12,8",,
8,0,8,8,"8,0,8,8",,
17,5,22,12,"17,5,22,12",,
8,0,8,8,"8,0,8,8",,
8,0,8,8,"8,0,8,8",,
18,5,23,13,"18,5,23,13",,
1058,0,1058,1058,"1058,0,1058,1058",,
61,5,66,56,"61,5,66,56",,
9,0,9,9,"9,0,9,9",,
17,4,21,13,"17,4,21,13",,
12,3,15,9,"12,3,15,9",,
9,0,9,9,"9,0,9,9",,
343,5,348,338,"343,5,348,338",,
16,1,17,15,"16,1,17,15",,
56,0,56,56,"56,0,56,56",,
402,15,417,387,"402,15,417,387",,
9,0,9,9,"9,0,9,9",,
9,0,9,9,"9,0,9,9",,
118,5,123,113,"118,5,123,113",,
17,5,22,12,"17,5,22,12",,
8,0,8,8,"8,0,8,8",,
8,0,8,8,"8,0,8,8",,
8,0,8,8,"8,0,8,8",,
9,0,9,9,"9,0,9,9",,
18,5,23,13,"18,5,23,13",,
9,2,11,7,"9,2,11,7",,
9,2,11,7,"9,2,11,7",,
9,2,11,7,"9,2,11,7",,
22,14,36,8,"22,14,36,8",,
10,1,11,9,"10,1,11,9",,
11,4,15,7,"11,4,15,7",,
9,2,11,7,"9,2,11,7",,
9,2,11,7,"9,2,11,7",,
9,2,11,7,"9,2,11,7",,
10,2,12,8,"10,2,12,8",,
68,16,84,52,"68,16,84,52",,
8,0,8,8,"8,0,8,8",,
12,4,16,8,"12,4,16,8",,
11,7,18,4,"11,7,18,4",,
8,0,8,8,"8,0,8,8",,
8,0,8,8,"8,0,8,8",,
26,18,44,8,"26,18,44,8",,
8,0,8,8,"8,0,8,8",,
23,13,36,10,"23,13,36,10",,
13,4,17,9,"13,4,17,9",,
16,6,22,10,"16,6,22,10",,
13,6,19,7,"13,6,19,7",,
137,8,145,129,"137,8,145,129",,
10,2,12,8,"10,2,12,8",,
12,4,16,8,"12,4,16,8",,
74,21,95,53,"74,21,95,53",,
10,1,11,9,"10,1,11,9",,
8,0,8,8,"8,0,8,8",,
8,0,8,8,"8,0,8,8",,
8,0,8,8,"8,0,8,8",,
8,0,8,8,"8,0,8,8",,
8,0,8,8,"8,0,8,8",,
17,16,33,1,"17,16,33,1",,
11,7,18,4,"11,7,18,4",,
9,2,11,7,"9,2,11,7",,
10,4,14,6,"10,4,14,6",,
8,0,8,8,"8,0,8,8",,
9,2,11,7,"9,2,11,7",,
197,41,238,156,"197,41,238,156",,
15,8,23,7,"15,8,23,7",,
9,2,11,7,"9,2,11,7",,
10,2,12,8,"10,2,12,8",,
9,2,11,7,"9,2,11,7",,
108,7,115,101,"108,7,115,101",,
90,14,104,76,"90,14,104,76",,
170,19,189,151,"170,19,189,151",,
15,9,24,6,"15,9,24,6",,
167,18,185,149,"167,18,185,149",,
168,18,186,150,"168,18,186,150",,
90,14,104,76,"90,14,104,76",,
15,7,22,8,"15,7,22,8",,
31,2,33,29,"31,2,33,29",,
35,7,42,28,"35,7,42,28",,
101,4,105,97,"101,4,105,97",,
9,2,11,7,"9,2,11,7",,
9,2,11,7,"9,2,11,7",,
10,4,14,6,"10,4,14,6",,
9,2,11,7,"9,2,11,7",,
9,2,11,7,"9,2,11,7",,
10,4,14,6,"10,4,14,6",,
9,2,11,7,"9,2,11,7",,
10,4,14,6,"10,4,14,6",,
21,14,35,7,"21,14,35,7",,
32,37,69,-5,"32,37,69,-5",,
14,7,21,7,"14,7,21,7",,
22,12,34,10,"22,12,34,10",,
10,3,13,7,"10,3,13,7",,
136,14,150,122,"136,14,150,122",,
9,2,11,7,"9,2,11,7",,
8,0,8,8,"8,0,8,8",,
8,0,8,8,"8,0,8,8",,
10,2,12,8,"10,2,12,8",,
15,5,20,10,"15,5,20,10",,
8,0,8,8,"8,0,8,8",,
8,0,8,8,"8,0,8,8",,
21,12,33,9,"21,12,33,9",,
18,15,33,3,"18,15,33,3",,
28,34,62,-6,"28,34,62,-6",,
9,2,11,7,"9,2,11,7",,
9,2,11,7,"9,2,11,7",,
9,2,11,7,"9,2,11,7",,
14,11,25,3,"14,11,25,3",,
8,0,8,8,"8,0,8,8",,
9,1,10,8,"9,1,10,8",,
19,12,31,7,"19,12,31,7",,
8,0,8,8,"8,0,8,8",,
10,2,12,8,"10,2,12,8",,
9,2,11,7,"9,2,11,7",,
15,8,23,7,"15,8,23,7",,
21,24,45,-3,"21,24,45,-3",,
10,3,13,7,"10,3,13,7",,
21,15,36,6,"21,15,36,6",,
9,2,11,7,"9,2,11,7",,
12,6,18,6,"12,6,18,6",,
13,6,19,7,"13,6,19,7",,
9,2,11,7,"9,2,11,7",,
11,5,16,6,"11,5,16,6",,
39,28,67,11,"39,28,67,11",,
39,33,72,6,"39,33,72,6",,
12,4,16,8,"12,4,16,8",,
23,17,40,6,"23,17,40,6",,
17,5,22,12,"17,5,22,12",,
8,0,8,8,"8,0,8,8",,
10,4,14,6,"10,4,14,6",,
8,0,8,8,"8,0,8,8",,
9,2,11,7,"9,2,11,7",,
43,36,79,7,"43,36,79,7",,
8,0,8,8,"8,0,8,8",,
26,24,50,2,"26,24,50,2",,
12,6,18,6,"12,6,18,6",,
1108,0,1108,1108,"1108,0,1108,1108",,
26,22,48,4,"26,22,48,4",,
26,22,48,4,"26,22,48,4",,
26,22,48,4,"26,22,48,4",,
9,0,9,9,"9,0,9,9",,
15,2,17,13,"15,2,17,13",,
8,0,8,8,"8,0,8,8",,
9,2,11,7,"9,2,11,7",,
10,4,14,6,"10,4,14,6",,
13,8,21,5,"13,8,21,5",,
16,11,27,5,"16,11,27,5",,
9,2,11,7,"9,2,11,7",,
8,0,8,8,"8,0,8,8",,
9,2,11,7,"9,2,11,7",,
9,2,11,7,"9,2,11,7",,
11,6,17,5,"11,6,17,5",,
8,0,8,8,"8,0,8,8",,
8,0,8,8,"8,0,8,8",,
8,0,8,8,"8,0,8,8",,
31,30,61,1,"31,30,61,1",,
8,0,8,8,"8,0,8,8",,
12,5,17,7,"12,5,17,7",,
11,4,15,7,"11,4,15,7",,
9,2,11,7,"9,2,11,7",,
11,4,15,7,"11,4,15,7",,
8,0,8,8,"8,0,8,8",,
8,0,8,8,"8,0,8,8",,
8,0,8,8,"8,0,8,8",,
10,2,12,8,"10,2,12,8",,
9,3,12,6,"9,3,12,6",,
11,31,42,-20,"11,31,42,-20",,
8,1,9,7,"8,1,9,7",,
8,5,13,3,"8,5,13,3",,
18,11,29,7,"18,11,29,7",,
17,11,28,6,"17,11,28,6",,
8,0,8,8,"8,0,8,8",,
8,0,8,8,"8,0,8,8",,
267,158,425,109,"267,158,425,109",,
684,0,684,684,"684,0,684,684",,
409,0,409,409,"409,0,409,409",,
445,0,445,445,"445,0,445,445",,
11,4,15,7,"11,4,15,7",,
60,13,73,47,"60,13,73,47",,
12,4,16,8,"12,4,16,8",,
9,2,11,7,"9,2,11,7",,
19,14,33,5,"19,14,33,5",,
87,11,98,76,"87,11,98,76",,
8,0,8,8,"8,0,8,8",,
9,2,11,7,"9,2,11,7",,
22,16,38,6,"22,16,38,6",,
14,6,20,8,"14,6,20,8",,
9,2,11,7,"9,2,11,7",,
11,4,15,7,"11,4,15,7",,
18,16,34,2,"18,16,34,2",,
11,4,15,7,"11,4,15,7",,
13,6,19,7,"13,6,19,7",,
11,4,15,7,"11,4,15,7",,
13,8,21,5,"13,8,21,5",,
15,8,23,7,"15,8,23,7",,
19,13,32,6,"19,13,32,6",,
9,2,11,7,"9,2,11,7",,
15,8,23,7,"15,8,23,7",,
8,0,8,8,"8,0,8,8",,
8,0,8,8,"8,0,8,8",,
8,0,8,8,"8,0,8,8",,
9,2,11,7,"9,2,11,7",,
9,2,11,7,"9,2,11,7",,
9,2,11,7,"9,2,11,7",,
9,2,11,7,"9,2,11,7",,
19,14,33,5,"19,14,33,5",,
9,2,11,7,"9,2,11,7",,
17,10,27,7,"17,10,27,7",,
18,12,30,6,"18,12,30,6",,
13,5,18,8,"13,5,18,8",,
9,2,11,7,"9,2,11,7",,
9,2,11,7,"9,2,11,7",,
13,6,19,7,"13,6,19,7",,
9,2,11,7,"9,2,11,7",,
9,2,11,7,"9,2,11,7",,
8,0,8,8,"8,0,8,8",,
10,3,13,7,"10,3,13,7",,
14,8,22,6,"14,8,22,6",,
9,2,11,7,"9,2,11,7",,
9,2,11,7,"9,2,11,7",,
10,2,12,8,"10,2,12,8",,
8,0,8,8,"8,0,8,8",,
10,3,13,7,"10,3,13,7",,
14,7,21,7,"14,7,21,7",,
8,0,8,8,"8,0,8,8",,
10,2,12,8,"10,2,12,8",,
20,19,39,1,"20,19,39,1",,
10,2,12,8,"10,2,12,8",,
17,16,33,1,"17,16,33,1",,
9,2,11,7,"9,2,11,7",,
20,19,39,1,"20,19,39,1",,
72,86,158,-14,"72,86,158,-14",,
11,3,14,8,"11,3,14,8",,
10,3,13,7,"10,3,13,7",,
8,0,8,8,"8,0,8,8",,
10,4,14,6,"10,4,14,6",,
12,4,16,8,"12,4,16,8",,
12,4,16,8,"12,4,16,8",,
11,4,15,7,"11,4,15,7",,
17,9,26,8,"17,9,26,8",,
69,16,85,53,"69,16,85,53",,
19,8,27,11,"19,8,27,11",,
11,4,15,7,"11,4,15,7",,
11,4,15,7,"11,4,15,7",,
55,23,78,32,"55,23,78,32",,
12,5,17,7,"12,5,17,7",,
42,5,47,37,"42,5,47,37",,
12,5,17,7,"12,5,17,7",,
9,1,10,8,"9,1,10,8",,
12,4,16,8,"12,4,16,8",,
96,41,137,55,"96,41,137,55",,
145,3,148,142,"145,3,148,142",,
14,7,21,7,"14,7,21,7",,
134,4,138,130,"134,4,138,130",,
133,6,139,127,"133,6,139,127",,
15,7,22,8,"15,7,22,8",,
19,11,30,8,"19,11,30,8",,
127,53,180,74,"127,53,180,74",,
14,9,23,5,"14,9,23,5",,
10,3,13,7,"10,3,13,7",,
10,3,13,7,"10,3,13,7",,
19,15,34,4,"19,15,34,4",,
19,12,31,7,"19,12,31,7",,
144,33,177,111,"144,33,177,111",,
255,67,322,188,"255,67,322,188",,
13,9,22,4,"13,9,22,4",,
12,6,18,6,"12,6,18,6",,
9,1,10,8,"9,1,10,8",,
20,14,34,6,"20,14,34,6",,
10,3,13,7,"10,3,13,7",,
10,3,13,7,"10,3,13,7",,
10,3,13,7,"10,3,13,7",,
11,4,15,7,"11,4,15,7",,
997,0,997,997,"997,0,997,997",,
87,14,101,73,"87,14,101,73",,
11,2,13,9,"11,2,13,9",,
12,2,14,10,"12,2,14,10",,
11,2,13,9,"11,2,13,9",,
70,13,83,57,"70,13,83,57",,
12,2,14,10,"12,2,14,10",,
513,61,574,452,"513,61,574,452",,
221,23,244,198,"221,23,244,198",,
11,2,13,9,"11,2,13,9",,
223,27,250,196,"223,27,250,196",,
504,7,511,497,"504,7,511,497",,
14,4,18,10,"14,4,18,10",,
13,3,16,10,"13,3,16,10",,
299,7,306,292,"299,7,306,292",,
75,20,95,55,"75,20,95,55",,
10,0,10,10,"10,0,10,10",,
58,1,59,57,"58,1,59,57",,
953,0,953,953,"953,0,953,953",,
12,5,17,7,"12,5,17,7",,
13,3,16,10,"13,3,16,10",,
67,8,75,59,"67,8,75,59",,
11,2,13,9,"11,2,13,9",,
32,16,48,16,"32,16,48,16",,
11,3,14,8,"11,3,14,8",,
10,2,12,8,"10,2,12,8",,
8,0,8,8,"8,0,8,8",,
11,5,16,6,"11,5,16,6",,
19,11,30,8,"19,11,30,8",,
17,8,25,9,"17,8,25,9",,
11,3,14,8,"11,3,14,8",,
20,16,36,4,"20,16,36,4",,
9,2,11,7,"9,2,11,7",,
12,6,18,6,"12,6,18,6",,
616,0,616,616,"616,0,616,616",,
797,0,797,797,"797,0,797,797",,
13,0,13,13,"13,0,13,13",,
1182,0,1182,1182,"1182,0,1182,1182",,
1118,0,1118,1118,"1118,0,1118,1118",,
13,0,13,13,"13,0,13,13",,
13,0,13,13,"13,0,13,13",,
13,0,13,13,"13,0,13,13",,
1118,0,1118,1118,"1118,0,1118,1118",,
13,0,13,13,"13,0,13,13",,
13,0,13,13,"13,0,13,13",,
34,0,34,34,"34,0,34,34",,
8,0,8,8,"8,0,8,8",,
16,9,25,7,"16,9,25,7",,
9,2,11,7,"9,2,11,7",,
10,3,13,7,"10,3,13,7",,
9,2,11,7,"9,2,11,7",,
11,6,17,5,"11,6,17,5",,
16,11,27,5,"16,11,27,5",,
8,0,8,8,"8,0,8,8",,
11,5,16,6,"11,5,16,6",,
9,2,11,7,"9,2,11,7",,
11,4,15,7,"11,4,15,7",,
10,4,14,6,"10,4,14,6",,
9,2,11,7,"9,2,11,7",,
9,2,11,7,"9,2,11,7",,
8,0,8,8,"8,0,8,8",,
8,0,8,8,"8,0,8,8",,
8,0,8,8,"8,0,8,8",,
8,0,8,8,"8,0,8,8",,
8,0,8,8,"8,0,8,8",,
8,0,8,8,"8,0,8,8",,
110,18,128,92,"110,18,128,92",,
105,10,115,95,"105,10,115,95",,
176,21,197,155,"176,21,197,155",,
127,24,151,103,"127,24,151,103",,
38,35,73,3,"38,35,73,3",,
1411,0,1411,1411,"1411,0,1411,1411",,
689,0,689,689,"689,0,689,689",,
21,12,33,9,"21,12,33,9",,
26,8,34,18,"26,8,34,18",,
1174,0,1174,1174,"1174,0,1174,1174",,
27,10,37,17,"27,10,37,17",,
16,2,18,14,"16,2,18,14",,
43,14,57,29,"43,14,57,29",,
17,7,24,10,"17,7,24,10",,
17,7,24,10,"17,7,24,10",,
1867,0,1867,1867,"1867,0,1867,1867",,
11,2,13,9,"11,2,13,9",,
1036,0,1036,1036,"1036,0,1036,1036",,
18,9,27,9,"18,9,27,9",,
11,2,13,9,"11,2,13,9",,
19,2,21,17,"19,2,21,17",,
1885,0,1885,1885,"1885,0,1885,1885",,
1603,0,1603,1603,"1603,0,1603,1603",,
12,2,14,10,"12,2,14,10",,
12,2,14,10,"12,2,14,10",,
13,2,15,11,"13,2,15,11",,
11,0,11,11,"11,0,11,11",,
102,97,199,5,"102,97,199,5",,
16,8,24,8,"16,8,24,8",,
11,0,11,11,"11,0,11,11",,
11,0,11,11,"11,0,11,11",,
12,1,13,11,"12,1,13,11",,
18,1,19,17,"18,1,19,17",,
11,0,11,11,"11,0,11,11",,
59,2,61,57,"59,2,61,57",,
15,4,19,11,"15,4,19,11",,
28,22,50,6,"28,22,50,6",,
11,0,11,11,"11,0,11,11",,
14,3,17,11,"14,3,17,11",,
12,2,14,10,"12,2,14,10",,
13,4,17,9,"13,4,17,9",,
12,2,14,10,"12,2,14,10",,
12,3,15,9,"12,3,15,9",,
15,5,20,10,"15,5,20,10",,
1272,0,1272,1272,"1272,0,1272,1272",,
12,0,12,12,"12,0,12,12",,
23,16,39,7,"23,16,39,7",,
15,5,20,10,"15,5,20,10",,
11,0,11,11,"11,0,11,11",,
18,1,19,17,"18,1,19,17",,
24,8,32,16,"24,8,32,16",,
11,0,11,11,"11,0,11,11",,
13,5,18,8,"13,5,18,8",,
11,0,11,11,"11,0,11,11",,
12,2,14,10,"12,2,14,10",,
15,10,25,5,"15,10,25,5",,
11,0,11,11,"11,0,11,11",,
14,3,17,11,"14,3,17,11",,
12,2,14,10,"12,2,14,10",,
11,0,11,11,"11,0,11,11",,
12,2,14,10,"12,2,14,10",,
16,6,22,10,"16,6,22,10",,
34,29,63,5,"34,29,63,5",,
12,2,14,10,"12,2,14,10",,
24,13,37,11,"24,13,37,11",,
11,0,11,11,"11,0,11,11",,
48,34,82,14,"48,34,82,14",,
950,0,950,950,"950,0,950,950",,
1121,0,1121,1121,"1121,0,1121,1121",,
405,0,405,405,"405,0,405,405",,
435,0,435,435,"435,0,435,435",,
17,4,21,13,"17,4,21,13",,
25,12,37,13,"25,12,37,13",,
11,3,14,8,"11,3,14,8",,
20,12,32,8,"20,12,32,8",,
953,0,953,953,"953,0,953,953",,
9,0,9,9,"9,0,9,9",,
9,0,9,9,"9,0,9,9",,
9,0,9,9,"9,0,9,9",,
9,0,9,9,"9,0,9,9",,
9,0,9,9,"9,0,9,9",,
151,1,152,150,"151,1,152,150",,
10,2,12,8,"10,2,12,8",,
13,8,21,5,"13,8,21,5",,
10,2,12,8,"10,2,12,8",,
13,8,21,5,"13,8,21,5",,
9,0,9,9,"9,0,9,9",,
24,14,38,10,"24,14,38,10",,
14,6,20,8,"14,6,20,8",,
26,14,40,12,"26,14,40,12",,
15,5,20,10,"15,5,20,10",,
12,4,16,8,"12,4,16,8",,
14,6,20,8,"14,6,20,8",,
22,10,32,12,"22,10,32,12",,
8,0,8,8,"8,0,8,8",,
8,0,8,8,"8,0,8,8",,
8,0,8,8,"8,0,8,8",,
18,9,27,9,"18,9,27,9",,
16,7,23,9,"16,7,23,9",,
15,6,21,9,"15,6,21,9",,
18,9,27,9,"18,9,27,9",,
1273,0,1273,1273,"1273,0,1273,1273",,
9,0,9,9,"9,0,9,9",,
13,0,13,13,"13,0,13,13",,
16,1,17,15,"16,1,17,15",,
38,40,78,-2,"38,40,78,-2",,
22,6,28,16,"22,6,28,16",,
353,46,399,307,"353,46,399,307",,
21,11,32,10,"21,11,32,10",,
17,3,20,14,"17,3,20,14",,
50,4,54,46,"50,4,54,46",,
17,3,20,14,"17,3,20,14",,
17,2,19,15,"17,2,19,15",,
16,1,17,15,"16,1,17,15",,
16,1,17,15,"16,1,17,15",,
29,15,44,14,"29,15,44,14",,
22,8,30,14,"22,8,30,14",,
72,11,83,61,"72,11,83,61",,
29,27,56,2,"29,27,56,2",,
16,1,17,15,"16,1,17,15",,
16,1,17,15,"16,1,17,15",,
53,7,60,46,"53,7,60,46",,
17,3,20,14,"17,3,20,14",,
1298,0,1298,1298,"1298,0,1298,1298",,
27,8,35,19,"27,8,35,19",,
1156,0,1156,1156,"1156,0,1156,1156",,
183,9,192,174,"183,9,192,174",,
1615,0,1615,1615,"1615,0,1615,1615",,
1655,0,1655,1655,"1655,0,1655,1655",,
16,1,17,15,"16,1,17,15",,
26,10,36,16,"26,10,36,16",,
18,5,23,13,"18,5,23,13",,
18,5,23,13,"18,5,23,13",,
18,5,23,13,"18,5,23,13",,
17,2,19,15,"17,2,19,15",,
18,5,23,13,"18,5,23,13",,
18,5,23,13,"18,5,23,13",,
18,5,23,13,"18,5,23,13",,
18,3,21,15,"18,3,21,15",,
159,3,162,156,"159,3,162,156",,
21,6,27,15,"21,6,27,15",,
18,5,23,13,"18,5,23,13",,
23,9,32,14,"23,9,32,14",,
16,1,17,15,"16,1,17,15",,
16,1,17,15,"16,1,17,15",,
26,21,47,5,"26,21,47,5",,
17,3,20,14,"17,3,20,14",,
16,1,17,15,"16,1,17,15",,
1124,0,1124,1124,"1124,0,1124,1124",,
35,17,52,18,"35,17,52,18",,
235,37,272,198,"235,37,272,198",,
21,11,32,10,"21,11,32,10",,
24,9,33,15,"24,9,33,15",,
1089,0,1089,1089,"1089,0,1089,1089",,
17,3,20,14,"17,3,20,14",,
16,1,17,15,"16,1,17,15",,
16,1,17,15,"16,1,17,15",,
211,22,233,189,"211,22,233,189",,
21,7,28,14,"21,7,28,14",,
16,1,17,15,"16,1,17,15",,
17,3,20,14,"17,3,20,14",,
65,312,377,-247,"65,312,377,-247",,
1298,0,1298,1298,"1298,0,1298,1298",,
18,3,21,15,"18,3,21,15",,
17,2,19,15,"17,2,19,15",,
19,4,23,15,"19,4,23,15",,
16,1,17,15,"16,1,17,15",,
19,3,22,16,"19,3,22,16",,
17,3,20,14,"17,3,20,14",,
63,22,85,41,"63,22,85,41",,
30,17,47,13,"30,17,47,13",,
12,4,16,8,"12,4,16,8",,
8,0,8,8,"8,0,8,8",,
9,2,11,7,"9,2,11,7",,
8,0,8,8,"8,0,8,8",,
10,4,14,6,"10,4,14,6",,
8,0,8,8,"8,0,8,8",,
19,13,32,6,"19,13,32,6",,
27,13,40,14,"27,13,40,14",,
12,4,16,8,"12,4,16,8",,
9,2,11,7,"9,2,11,7",,
8,0,8,8,"8,0,8,8",,
10,2,12,8,"10,2,12,8",,
8,0,8,8,"8,0,8,8",,
8,0,8,8,"8,0,8,8",,
8,0,8,8,"8,0,8,8",,
8,0,8,8,"8,0,8,8",,
8,0,8,8,"8,0,8,8",,
8,0,8,8,"8,0,8,8",,
57,2,59,55,"57,2,59,55",,
8,0,8,8,"8,0,8,8",,
8,0,8,8,"8,0,8,8",,
8,0,8,8,"8,0,8,8",,
8,0,8,8,"8,0,8,8",,
8,0,8,8,"8,0,8,8",,
8,0,8,8,"8,0,8,8",,
8,0,8,8,"8,0,8,8",,
8,0,8,8,"8,0,8,8",,
8,0,8,8,"8,0,8,8",,
8,0,8,8,"8,0,8,8",,
8,0,8,8,"8,0,8,8",,
8,0,8,8,"8,0,8,8",,
8,0,8,8,"8,0,8,8",,
20,20,40,0,"20,20,40,0",,
8,0,8,8,"8,0,8,8",,
8,0,8,8,"8,0,8,8",,
11,4,15,7,"11,4,15,7",,
9,2,11,7,"9,2,11,7",,
8,0,8,8,"8,0,8,8",,
10,4,14,6,"10,4,14,6",,
8,0,8,8,"8,0,8,8",,
8,0,8,8,"8,0,8,8",,
8,0,8,8,"8,0,8,8",,
8,0,8,8,"8,0,8,8",,
18,12,30,6,"18,12,30,6",,
8,0,8,8,"8,0,8,8",,
8,0,8,8,"8,0,8,8",,
4221,136,4357,4085,"4221,136,4357,4085",,
502,10,512,492,"502,10,512,492",,
671,629,1300,42,"671,629,1300,42",,
4,0,4,4,"4,0,4,4",,
69,45,114,24,"69,45,114,24",,
6,12,18,-6,"6,12,18,-6",,
1,0,1,1,"1,0,1,1",,
4,0,4,4,"4,0,4,4",,
42,0,42,42,"42,0,42,42",,
25,0,25,25,"25,0,25,25",,
4,0,4,4,"4,0,4,4",,
4,1,5,3,"4,1,5,3",,
1,0,1,1,"1,0,1,1",,
43,0,43,43,"43,0,43,43",,
6,0,6,6,"6,0,6,6",,
20,0,20,20,"20,0,20,20",,
7,0,7,7,"7,0,7,7",,
0,4,4,-4,"0,4,4,-4",,
0,4,4,-4,"0,4,4,-4",,
0,3,3,-3,"0,3,3,-3",,
0,3,3,-3,"0,3,3,-3",,
0,3,3,-3,"0,3,3,-3",,
0,3,3,-3,"0,3,3,-3",,
0,3,3,-3,"0,3,3,-3",,
0,3,3,-3,"0,3,3,-3",,
0,3,3,-3,"0,3,3,-3",,
0,3,3,-3,"0,3,3,-3",,
0,3,3,-3,"0,3,3,-3",,
0,2,2,-2,"0,2,2,-2",,
0,3,3,-3,"0,3,3,-3",,
0,3,3,-3,"0,3,3,-3",,
0,3,3,-3,"0,3,3,-3",,
0,3,3,-3,"0,3,3,-3",,
0,3,3,-3,"0,3,3,-3",,
0,3,3,-3,"0,3,3,-3",,
0,3,3,-3,"0,3,3,-3",,
0,3,3,-3,"0,3,3,-3",,
0,3,3,-3,"0,3,3,-3",,
0,3,3,-3,"0,3,3,-3",,
0,3,3,-3,"0,3,3,-3",,
0,3,3,-3,"0,3,3,-3",,
0,3,3,-3,"0,3,3,-3",,
0,3,3,-3,"0,3,3,-3",,
0,3,3,-3,"0,3,3,-3",,
0,3,3,-3,"0,3,3,-3",,
0,3,3,-3,"0,3,3,-3",,
0,3,3,-3,"0,3,3,-3",,
0,3,3,-3,"0,3,3,-3",,
0,3,3,-3,"0,3,3,-3",,
0,3,3,-3,"0,3,3,-3",,
0,3,3,-3,"0,3,3,-3",,
0,3,3,-3,"0,3,3,-3",,
2,1,3,1,"2,1,3,1",,
1,1,2,0,"1,1,2,0",,
17,0,17,17,"17,0,17,17",,
11,94,105,-83,"11,94,105,-83",,
4,0,4,4,"4,0,4,4",,
228,0,228,228,"228,0,228,228",,
69,0,69,69,"69,0,69,69",,
185,0,185,185,"185,0,185,185",,
12,0,12,12,"12,0,12,12",,
7,12,19,-5,"7,12,19,-5",,
10,1,11,9,"10,1,11,9",,
1,1,2,0,"1,1,2,0",,
29,0,29,29,"29,0,29,29",,
19,0,19,19,"19,0,19,19",,
21,0,21,21,"21,0,21,21",,
1,0,1,1,"1,0,1,1",,
20,11,31,9,"20,11,31,9",,
26,0,26,26,"26,0,26,26",,
13,2,15,11,"13,2,15,11",,
12,0,12,12,"12,0,12,12",,
1,0,1,1,"1,0,1,1",,
8,3,11,5,"8,3,11,5",,
5,0,5,5,"5,0,5,5",,
70,0,70,70,"70,0,70,70",,
4,1,5,3,"4,1,5,3",,
1,4,5,-3,"1,4,5,-3",,
40,9,49,31,"40,9,49,31",,
5,0,5,5,"5,0,5,5",,
2,0,2,2,"2,0,2,2",,
1,1,2,0,"1,1,2,0",,
5,0,5,5,"5,0,5,5",,
1,0,1,1,"1,0,1,1",,
3,0,3,3,"3,0,3,3",,
23,1,24,22,"23,1,24,22",,
28,1,29,27,"28,1,29,27",,
13,2,15,11,"13,2,15,11",,
1,0,1,1,"1,0,1,1",,
1,0,1,1,"1,0,1,1",,
4,1,5,3,"4,1,5,3",,
20,1,21,19,"20,1,21,19",,
1,1,2,0,"1,1,2,0",,
13,0,13,13,"13,0,13,13",,
20,5,25,15,"20,5,25,15",,
5,1,6,4,"5,1,6,4",,
2,0,2,2,"2,0,2,2",,
2,1,3,1,"2,1,3,1",,
37,0,37,37,"37,0,37,37",,
6,0,6,6,"6,0,6,6",,
37,0,37,37,"37,0,37,37",,
20,0,20,20,"20,0,20,20",,
1,1,2,0,"1,1,2,0",,
1,1,2,0,"1,1,2,0",,
1,1,2,0,"1,1,2,0",,
1,2,3,-1,"1,2,3,-1",,
2,0,2,2,"2,0,2,2",,
11,1,12,10,"11,1,12,10",,
24,0,24,24,"24,0,24,24",,
20,10,30,10,"20,10,30,10",,
2,0,2,2,"2,0,2,2",,
8,6,14,2,"8,6,14,2",,
6,4,10,2,"6,4,10,2",,
2,1,3,1,"2,1,3,1",,
5,1,6,4,"5,1,6,4",,
3,2,5,1,"3,2,5,1",,
2,1,3,1,"2,1,3,1",,
16,0,16,16,"16,0,16,16",,
5,2,7,3,"5,2,7,3",,
2,5,7,-3,"2,5,7,-3",,
12,0,12,12,"12,0,12,12",,
3,3,6,0,"3,3,6,0",,
3,3,6,0,"3,3,6,0",,
2,2,4,0,"2,2,4,0",,
10,0,10,10,"10,0,10,10",,
2,2,4,0,"2,2,4,0",,
2,2,4,0,"2,2,4,0",,
2,1,3,1,"2,1,3,1",,
10,0,10,10,"10,0,10,10",,
18,18,36,0,"18,18,36,0",,
8,0,8,8,"8,0,8,8",,
9,0,9,9,"9,0,9,9",,
33,0,33,33,"33,0,33,33",,
7,0,7,7,"7,0,7,7",,
7,0,7,7,"7,0,7,7",,
7,0,7,7,"7,0,7,7",,
7,0,7,7,"7,0,7,7",,
7,0,7,7,"7,0,7,7",,
5,1,6,4,"5,1,6,4",,
4,1,5,3,"4,1,5,3",,
7,0,7,7,"7,0,7,7",,
7,0,7,7,"7,0,7,7",,
7,0,7,7,"7,0,7,7",,
7,0,7,7,"7,0,7,7",,
7,0,7,7,"7,0,7,7",,
7,0,7,7,"7,0,7,7",,
7,0,7,7,"7,0,7,7",,
1,1,2,0,"1,1,2,0",,
1,1,2,0,"1,1,2,0",,
1,1,2,0,"1,1,2,0",,
1,1,2,0,"1,1,2,0",,
1,1,2,0,"1,1,2,0",,
2,1,3,1,"2,1,3,1",,
1,1,2,0,"1,1,2,0",,
1,1,2,0,"1,1,2,0",,
7,0,7,7,"7,0,7,7",,
7,0,7,7,"7,0,7,7",,
7,0,7,7,"7,0,7,7",,
7,0,7,7,"7,0,7,7",,
7,0,7,7,"7,0,7,7",,
7,0,7,7,"7,0,7,7",,
7,0,7,7,"7,0,7,7",,
7,0,7,7,"7,0,7,7",,
7,0,7,7,"7,0,7,7",,
5,1,6,4,"5,1,6,4",,
4,1,5,3,"4,1,5,3",,
4,1,5,3,"4,1,5,3",,
7,0,7,7,"7,0,7,7",,
7,0,7,7,"7,0,7,7",,
0,6,6,-6,"0,6,6,-6",,
7,0,7,7,"7,0,7,7",,
7,0,7,7,"7,0,7,7",,
7,0,7,7,"7,0,7,7",,
7,0,7,7,"7,0,7,7",,
5,1,6,4,"5,1,6,4",,
4,1,5,3,"4,1,5,3",,
7,0,7,7,"7,0,7,7",,
5,1,6,4,"5,1,6,4",,
4,1,5,3,"4,1,5,3",,
7,0,7,7,"7,0,7,7",,
7,0,7,7,"7,0,7,7",,
7,0,7,7,"7,0,7,7",,
7,0,7,7,"7,0,7,7",,
7,0,7,7,"7,0,7,7",,
7,0,7,7,"7,0,7,7",,
7,0,7,7,"7,0,7,7",,
7,0,7,7,"7,0,7,7",,
7,0,7,7,"7,0,7,7",,
7,0,7,7,"7,0,7,7",,
7,0,7,7,"7,0,7,7",,
7,0,7,7,"7,0,7,7",,
7,0,7,7,"7,0,7,7",,
7,0,7,7,"7,0,7,7",,
5,1,6,4,"5,1,6,4",,
4,1,5,3,"4,1,5,3",,
7,0,7,7,"7,0,7,7",,
7,0,7,7,"7,0,7,7",,
7,0,7,7,"7,0,7,7",,
7,0,7,7,"7,0,7,7",,
7,0,7,7,"7,0,7,7",,
7,0,7,7,"7,0,7,7",,
7,0,7,7,"7,0,7,7",,
7,0,7,7,"7,0,7,7",,
8,1,9,7,"8,1,9,7",,
17,9,26,8,"17,9,26,8",,
1,1,2,0,"1,1,2,0",,
0,1,1,-1,"0,1,1,-1",,
0,29,29,-29,"0,29,29,-29",,
29,0,29,29,"29,0,29,29",,
12,0,12,12,"12,0,12,12",,
7,1,8,6,"7,1,8,6",,
4,0,4,4,"4,0,4,4",,
2,0,2,2,"2,0,2,2",,
5,1,6,4,"5,1,6,4",,
12,3,15,9,"12,3,15,9",,
2,1,3,1,"2,1,3,1",,
16,3,19,13,"16,3,19,13",,
2,1,3,1,"2,1,3,1",,
3,0,3,3,"3,0,3,3",,
13,6,19,7,"13,6,19,7",,
3,1,4,2,"3,1,4,2",,
5,1,6,4,"5,1,6,4",,
6,2,8,4,"6,2,8,4",,
6,2,8,4,"6,2,8,4",,
4,1,5,3,"4,1,5,3",,
4,1,5,3,"4,1,5,3",,
4,1,5,3,"4,1,5,3",,
4,1,5,3,"4,1,5,3",,
4,1,5,3,"4,1,5,3",,
4,1,5,3,"4,1,5,3",,
8,3,11,5,"8,3,11,5",,
4,1,5,3,"4,1,5,3",,
4,1,5,3,"4,1,5,3",,
5,1,6,4,"5,1,6,4",,
4,1,5,3,"4,1,5,3",,
4,1,5,3,"4,1,5,3",,
2,1,3,1,"2,1,3,1",,
12,0,12,12,"12,0,12,12",,
20,0,20,20,"20,0,20,20",,
1,8,9,-7,"1,8,9,-7",,
8,1,9,7,"8,1,9,7",,
10,1,11,9,"10,1,11,9",,
10,0,10,10,"10,0,10,10",,
1,0,1,1,"1,0,1,1",,
5,0,5,5,"5,0,5,5",,
6,7,13,-1,"6,7,13,-1",,
4,0,4,4,"4,0,4,4",,
92,0,92,92,"92,0,92,92",,
24,7,31,17,"24,7,31,17",,
53,0,53,53,"53,0,53,53",,
5,0,5,5,"5,0,5,5",,
8,0,8,8,"8,0,8,8",,
137,0,137,137,"137,0,137,137",,
0,0,0,0,"0,0,0,0",,
0,68,68,-68,"0,68,68,-68",,
2,1,3,1,"2,1,3,1",,
2,1,3,1,"2,1,3,1",,
33,4,37,29,"33,4,37,29",,
15,0,15,15,"15,0,15,15",,
4,4,8,0,"4,4,8,0",,
2,1,3,1,"2,1,3,1",,
0,1,1,-1,"0,1,1,-1",,
6,8,14,-2,"6,8,14,-2",,
0,1,1,-1,"0,1,1,-1",,
4,0,4,4,"4,0,4,4",,
156,0,156,156,"156,0,156,156",,
80,0,80,80,"80,0,80,80",,
4,0,4,4,"4,0,4,4",,
4,0,4,4,"4,0,4,4",,
1,1,2,0,"1,1,2,0",,
94,0,94,94,"94,0,94,94",,
95,0,95,95,"95,0,95,95",,
105,0,105,105,"105,0,105,105",,
15,13,28,2,"15,13,28,2",,
24,22,46,2,"24,22,46,2",,
17,0,17,17,"17,0,17,17",,
7,1,8,6,"7,1,8,6",,
1,0,1,1,"1,0,1,1",,
14,1,15,13,"14,1,15,13",,
2,1,3,1,"2,1,3,1",,
2,0,2,2,"2,0,2,2",,
2,1,3,1,"2,1,3,1",,
28,5,33,23,"28,5,33,23",,
6,0,6,6,"6,0,6,6",,
9,0,9,9,"9,0,9,9",,
2,0,2,2,"2,0,2,2",,
1,0,1,1,"1,0,1,1",,
1,0,1,1,"1,0,1,1",,
1,0,1,1,"1,0,1,1",,
1,0,1,1,"1,0,1,1",,
1,0,1,1,"1,0,1,1",,
1,0,1,1,"1,0,1,1",,
1,0,1,1,"1,0,1,1",,
1,0,1,1,"1,0,1,1",,
38,2,40,36,"38,2,40,36",,
0,0,0,0,"0,0,0,0",,
0,0,0,0,"0,0,0,0",,
0,0,0,0,"0,0,0,0",,
0,0,0,0,"0,0,0,0",,
0,0,0,0,"0,0,0,0",,
0,0,0,0,"0,0,0,0",,
0,0,0,0,"0,0,0,0",,
0,0,0,0,"0,0,0,0",,
0,0,0,0,"0,0,0,0",,
0,0,0,0,"0,0,0,0",,
0,0,0,0,"0,0,0,0",,
0,0,0,0,"0,0,0,0",,
0,0,0,0,"0,0,0,0",,
0,0,0,0,"0,0,0,0",,
0,0,0,0,"0,0,0,0",,
0,0,0,0,"0,0,0,0",,
0,0,0,0,"0,0,0,0",,
0,0,0,0,"0,0,0,0",,
0,0,0,0,"0,0,0,0",,
1,0,1,1,"1,0,1,1",,
1,26,27,-25,"1,26,27,-25",,
1,0,1,1,"1,0,1,1",,
1,0,1,1,"1,0,1,1",,
1,0,1,1,"1,0,1,1",,
1,0,1,1,"1,0,1,1",,
1,0,1,1,"1,0,1,1",,
1,0,1,1,"1,0,1,1",,
1,0,1,1,"1,0,1,1",,
1,0,1,1,"1,0,1,1",,
40,0,40,40,"40,0,40,40",,
6,0,6,6,"6,0,6,6",,
1,0,1,1,"1,0,1,1",,
10,5,15,5,"10,5,15,5",,
4,3,7,1,"4,3,7,1",,
3,0,3,3,"3,0,3,3",,
3,0,3,3,"3,0,3,3",,
28,6,34,22,"28,6,34,22",,
1,0,1,1,"1,0,1,1",,
31,9,40,22,"31,9,40,22",,
34,0,34,34,"34,0,34,34",,
1,1,2,0,"1,1,2,0",,
1,1,2,0,"1,1,2,0",,
1,1,2,0,"1,1,2,0",,
11,18,29,-7,"11,18,29,-7",,
1,1,2,0,"1,1,2,0",,
1,0,1,1,"1,0,1,1",,
7,1,8,6,"7,1,8,6",,
1,0,1,1,"1,0,1,1",,
1,0,1,1,"1,0,1,1",,
1,1,2,0,"1,1,2,0",,
1,1,2,0,"1,1,2,0",,
1,3,4,-2,"1,3,4,-2",,
2,0,2,2,"2,0,2,2",,
18,10,28,8,"18,10,28,8",,
2,0,2,2,"2,0,2,2",,
4,0,4,4,"4,0,4,4",,
3,9,12,-6,"3,9,12,-6",,
3,8,11,-5,"3,8,11,-5",,
3,8,11,-5,"3,8,11,-5",,
3,8,11,-5,"3,8,11,-5",,
3,8,11,-5,"3,8,11,-5",,
3,8,11,-5,"3,8,11,-5",,
3,8,11,-5,"3,8,11,-5",,
3,8,11,-5,"3,8,11,-5",,
3,8,11,-5,"3,8,11,-5",,
3,8,11,-5,"3,8,11,-5",,
3,8,11,-5,"3,8,11,-5",,
3,8,11,-5,"3,8,11,-5",,
3,8,11,-5,"3,8,11,-5",,
3,8,11,-5,"3,8,11,-5",,
3,8,11,-5,"3,8,11,-5",,
3,8,11,-5,"3,8,11,-5",,
3,8,11,-5,"3,8,11,-5",,
3,8,11,-5,"3,8,11,-5",,
3,8,11,-5,"3,8,11,-5",,
3,8,11,-5,"3,8,11,-5",,
3,8,11,-5,"3,8,11,-5",,
3,8,11,-5,"3,8,11,-5",,
3,8,11,-5,"3,8,11,-5",,
3,8,11,-5,"3,8,11,-5",,
3,8,11,-5,"3,8,11,-5",,
3,8,11,-5,"3,8,11,-5",,
3,8,11,-5,"3,8,11,-5",,
3,8,11,-5,"3,8,11,-5",,
3,8,11,-5,"3,8,11,-5",,
3,8,11,-5,"3,8,11,-5",,
3,8,11,-5,"3,8,11,-5",,
3,8,11,-5,"3,8,11,-5",,
3,8,11,-5,"3,8,11,-5",,
3,8,11,-5,"3,8,11,-5",,
3,8,11,-5,"3,8,11,-5",,
3,8,11,-5,"3,8,11,-5",,
3,8,11,-5,"3,8,11,-5",,
3,8,11,-5,"3,8,11,-5",,
3,8,11,-5,"3,8,11,-5",,
3,8,11,-5,"3,8,11,-5",,
3,8,11,-5,"3,8,11,-5",,
3,8,11,-5,"3,8,11,-5",,
3,8,11,-5,"3,8,11,-5",,
3,8,11,-5,"3,8,11,-5",,
3,8,11,-5,"3,8,11,-5",,
3,8,11,-5,"3,8,11,-5",,
3,8,11,-5,"3,8,11,-5",,
3,8,11,-5,"3,8,11,-5",,
3,8,11,-5,"3,8,11,-5",,
3,8,11,-5,"3,8,11,-5",,
3,8,11,-5,"3,8,11,-5",,
3,8,11,-5,"3,8,11,-5",,
3,8,11,-5,"3,8,11,-5",,
3,8,11,-5,"3,8,11,-5",,
3,8,11,-5,"3,8,11,-5",,
3,8,11,-5,"3,8,11,-5",,
3,8,11,-5,"3,8,11,-5",,
3,8,11,-5,"3,8,11,-5",,
3,8,11,-5,"3,8,11,-5",,
3,8,11,-5,"3,8,11,-5",,
3,8,11,-5,"3,8,11,-5",,
3,8,11,-5,"3,8,11,-5",,
3,8,11,-5,"3,8,11,-5",,
3,8,11,-5,"3,8,11,-5",,
3,8,11,-5,"3,8,11,-5",,
3,8,11,-5,"3,8,11,-5",,
3,8,11,-5,"3,8,11,-5",,
3,8,11,-5,"3,8,11,-5",,
3,8,11,-5,"3,8,11,-5",,
3,8,11,-5,"3,8,11,-5",,
3,8,11,-5,"3,8,11,-5",,
3,8,11,-5,"3,8,11,-5",,
3,8,11,-5,"3,8,11,-5",,
3,8,11,-5,"3,8,11,-5",,
3,8,11,-5,"3,8,11,-5",,
3,8,11,-5,"3,8,11,-5",,
3,8,11,-5,"3,8,11,-5",,
3,8,11,-5,"3,8,11,-5",,
3,8,11,-5,"3,8,11,-5",,
3,8,11,-5,"3,8,11,-5",,
3,8,11,-5,"3,8,11,-5",,
3,8,11,-5,"3,8,11,-5",,
3,8,11,-5,"3,8,11,-5",,
3,8,11,-5,"3,8,11,-5",,
3,8,11,-5,"3,8,11,-5",,
3,8,11,-5,"3,8,11,-5",,
3,8,11,-5,"3,8,11,-5",,
3,8,11,-5,"3,8,11,-5",,
3,8,11,-5,"3,8,11,-5",,
3,8,11,-5,"3,8,11,-5",,
3,8,11,-5,"3,8,11,-5",,
3,8,11,-5,"3,8,11,-5",,
3,8,11,-5,"3,8,11,-5",,
3,8,11,-5,"3,8,11,-5",,
3,8,11,-5,"3,8,11,-5",,
3,8,11,-5,"3,8,11,-5",,
3,8,11,-5,"3,8,11,-5",,
3,8,11,-5,"3,8,11,-5",,
3,8,11,-5,"3,8,11,-5",,
3,8,11,-5,"3,8,11,-5",,
3,8,11,-5,"3,8,11,-5",,
3,8,11,-5,"3,8,11,-5",,
3,8,11,-5,"3,8,11,-5",,
3,8,11,-5,"3,8,11,-5",,
3,8,11,-5,"3,8,11,-5",,
3,8,11,-5,"3,8,11,-5",,
3,8,11,-5,"3,8,11,-5",,
3,8,11,-5,"3,8,11,-5",,
3,8,11,-5,"3,8,11,-5",,
3,8,11,-5,"3,8,11,-5",,
3,8,11,-5,"3,8,11,-5",,
3,8,11,-5,"3,8,11,-5",,
3,8,11,-5,"3,8,11,-5",,
3,8,11,-5,"3,8,11,-5",,
3,8,11,-5,"3,8,11,-5",,
3,8,11,-5,"3,8,11,-5",,
3,8,11,-5,"3,8,11,-5",,
3,8,11,-5,"3,8,11,-5",,
3,8,11,-5,"3,8,11,-5",,
3,8,11,-5,"3,8,11,-5",,
3,8,11,-5,"3,8,11,-5",,
3,8,11,-5,"3,8,11,-5",,
3,8,11,-5,"3,8,11,-5",,
3,8,11,-5,"3,8,11,-5",,
3,8,11,-5,"3,8,11,-5",,
3,8,11,-5,"3,8,11,-5",,
3,8,11,-5,"3,8,11,-5",,
3,8,11,-5,"3,8,11,-5",,
3,8,11,-5,"3,8,11,-5",,
3,8,11,-5,"3,8,11,-5",,
3,8,11,-5,"3,8,11,-5",,
3,8,11,-5,"3,8,11,-5",,
3,8,11,-5,"3,8,11,-5",,
3,8,11,-5,"3,8,11,-5",,
3,8,11,-5,"3,8,11,-5",,
3,8,11,-5,"3,8,11,-5",,
3,8,11,-5,"3,8,11,-5",,
3,8,11,-5,"3,8,11,-5",,
3,8,11,-5,"3,8,11,-5",,
3,8,11,-5,"3,8,11,-5",,
3,8,11,-5,"3,8,11,-5",,
3,8,11,-5,"3,8,11,-5",,
3,8,11,-5,"3,8,11,-5",,
3,8,11,-5,"3,8,11,-5",,
3,8,11,-5,"3,8,11,-5",,
3,8,11,-5,"3,8,11,-5",,
3,8,11,-5,"3,8,11,-5",,
3,8,11,-5,"3,8,11,-5",,
3,8,11,-5,"3,8,11,-5",,
3,8,11,-5,"3,8,11,-5",,
3,8,11,-5,"3,8,11,-5",,
3,8,11,-5,"3,8,11,-5",,
3,8,11,-5,"3,8,11,-5",,
3,8,11,-5,"3,8,11,-5",,
3,8,11,-5,"3,8,11,-5",,
3,8,11,-5,"3,8,11,-5",,
3,8,11,-5,"3,8,11,-5",,
3,8,11,-5,"3,8,11,-5",,
3,8,11,-5,"3,8,11,-5",,
3,8,11,-5,"3,8,11,-5",,
3,8,11,-5,"3,8,11,-5",,
3,8,11,-5,"3,8,11,-5",,
3,8,11,-5,"3,8,11,-5",,
3,8,11,-5,"3,8,11,-5",,
3,8,11,-5,"3,8,11,-5",,
3,8,11,-5,"3,8,11,-5",,
3,8,11,-5,"3,8,11,-5",,
3,8,11,-5,"3,8,11,-5",,
3,8,11,-5,"3,8,11,-5",,
3,8,11,-5,"3,8,11,-5",,
3,8,11,-5,"3,8,11,-5",,
3,8,11,-5,"3,8,11,-5",,
3,8,11,-5,"3,8,11,-5",,
3,8,11,-5,"3,8,11,-5",,
3,8,11,-5,"3,8,11,-5",,
3,8,11,-5,"3,8,11,-5",,
3,8,11,-5,"3,8,11,-5",,
3,8,11,-5,"3,8,11,-5",,
3,8,11,-5,"3,8,11,-5",,
3,8,11,-5,"3,8,11,-5",,
2,0,2,2,"2,0,2,2",,
1,1,2,0,"1,1,2,0",,
3,2,5,1,"3,2,5,1",,
1,0,1,1,"1,0,1,1",,
39,0,39,39,"39,0,39,39",,
6,0,6,6,"6,0,6,6",,
24,0,24,24,"24,0,24,24",,
1,1,2,0,"1,1,2,0",,
1,0,1,1,"1,0,1,1",,
3,0,3,3,"3,0,3,3",,
3,0,3,3,"3,0,3,3",,
4,4,8,0,"4,4,8,0",,
4,4,8,0,"4,4,8,0",,
4,4,8,0,"4,4,8,0",,
7,7,14,0,"7,7,14,0",,
2,2,4,0,"2,2,4,0",,
2,2,4,0,"2,2,4,0",,
7,7,14,0,"7,7,14,0",,
4,5,9,-1,"4,5,9,-1",,
1,0,1,1,"1,0,1,1",,
1,0,1,1,"1,0,1,1",,
1,0,1,1,"1,0,1,1",,
1,0,1,1,"1,0,1,1",,
1,0,1,1,"1,0,1,1",,
1,0,1,1,"1,0,1,1",,
1,0,1,1,"1,0,1,1",,
1,0,1,1,"1,0,1,1",,
1,0,1,1,"1,0,1,1",,
1,0,1,1,"1,0,1,1",,
1,0,1,1,"1,0,1,1",,
1,0,1,1,"1,0,1,1",,
1,0,1,1,"1,0,1,1",,
1,0,1,1,"1,0,1,1",,
1,0,1,1,"1,0,1,1",,
1,0,1,1,"1,0,1,1",,
1,0,1,1,"1,0,1,1",,
1,0,1,1,"1,0,1,1",,
1,0,1,1,"1,0,1,1",,
1,0,1,1,"1,0,1,1",,
1,0,1,1,"1,0,1,1",,
1,0,1,1,"1,0,1,1",,
1,0,1,1,"1,0,1,1",,
1,0,1,1,"1,0,1,1",,
1,0,1,1,"1,0,1,1",,
1,0,1,1,"1,0,1,1",,
1,0,1,1,"1,0,1,1",,
1,0,1,1,"1,0,1,1",,
1,0,1,1,"1,0,1,1",,
1,0,1,1,"1,0,1,1",,
1,0,1,1,"1,0,1,1",,
1,0,1,1,"1,0,1,1",,
1,0,1,1,"1,0,1,1",,
1,0,1,1,"1,0,1,1",,
1,0,1,1,"1,0,1,1",,
1,0,1,1,"1,0,1,1",,
1,1,2,0,"1,1,2,0",,
1,0,1,1,"1,0,1,1",,
4,5,9,-1,"4,5,9,-1",,
1,0,1,1,"1,0,1,1",,
4,5,9,-1,"4,5,9,-1",,
1,0,1,1,"1,0,1,1",,
1,0,1,1,"1,0,1,1",,
3,4,7,-1,"3,4,7,-1",,
1,0,1,1,"1,0,1,1",,
1,0,1,1,"1,0,1,1",,
1,0,1,1,"1,0,1,1",,
1,0,1,1,"1,0,1,1",,
1,0,1,1,"1,0,1,1",,
1,0,1,1,"1,0,1,1",,
1,0,1,1,"1,0,1,1",,
1,0,1,1,"1,0,1,1",,
1,0,1,1,"1,0,1,1",,
1,0,1,1,"1,0,1,1",,
1,0,1,1,"1,0,1,1",,
1,0,1,1,"1,0,1,1",,
1,0,1,1,"1,0,1,1",,
1,0,1,1,"1,0,1,1",,
1,0,1,1,"1,0,1,1",,
1,0,1,1,"1,0,1,1",,
3,4,7,-1,"3,4,7,-1",,
3,4,7,-1,"3,4,7,-1",,
3,4,7,-1,"3,4,7,-1",,
1,0,1,1,"1,0,1,1",,
1,0,1,1,"1,0,1,1",,
1,0,1,1,"1,0,1,1",,
1,0,1,1,"1,0,1,1",,
1,0,1,1,"1,0,1,1",,
1,0,1,1,"1,0,1,1",,
1,0,1,1,"1,0,1,1",,
1,0,1,1,"1,0,1,1",,
1,0,1,1,"1,0,1,1",,
1,0,1,1,"1,0,1,1",,
1,0,1,1,"1,0,1,1",,
1,0,1,1,"1,0,1,1",,
4,5,9,-1,"4,5,9,-1",,
1,0,1,1,"1,0,1,1",,
1,0,1,1,"1,0,1,1",,
1,0,1,1,"1,0,1,1",,
1,1,2,0,"1,1,2,0",,
1,1,2,0,"1,1,2,0",,
1,1,2,0,"1,1,2,0",,
1,1,2,0,"1,1,2,0",,
1,1,2,0,"1,1,2,0",,
1,1,2,0,"1,1,2,0",,
1,1,2,0,"1,1,2,0",,
1,1,2,0,"1,1,2,0",,
1,1,2,0,"1,1,2,0",,
1,1,2,0,"1,1,2,0",,
1,1,2,0,"1,1,2,0",,
1,1,2,0,"1,1,2,0",,
1,1,2,0,"1,1,2,0",,
1,1,2,0,"1,1,2,0",,
1,1,2,0,"1,1,2,0",,
1,1,2,0,"1,1,2,0",,
1,1,2,0,"1,1,2,0",,
1,1,2,0,"1,1,2,0",,
1,1,2,0,"1,1,2,0",,
1,1,2,0,"1,1,2,0",,
1,1,2,0,"1,1,2,0",,
1,1,2,0,"1,1,2,0",,
1,1,2,0,"1,1,2,0",,
1,1,2,0,"1,1,2,0",,
1,1,2,0,"1,1,2,0",,
1,1,2,0,"1,1,2,0",,
4,5,9,-1,"4,5,9,-1",,
1,1,2,0,"1,1,2,0",,
1,1,2,0,"1,1,2,0",,
1,1,2,0,"1,1,2,0",,
1,1,2,0,"1,1,2,0",,
1,1,2,0,"1,1,2,0",,
1,1,2,0,"1,1,2,0",,
1,1,2,0,"1,1,2,0",,
1,1,2,0,"1,1,2,0",,
1,1,2,0,"1,1,2,0",,
1,1,2,0,"1,1,2,0",,
1,1,2,0,"1,1,2,0",,
1,1,2,0,"1,1,2,0",,
1,1,2,0,"1,1,2,0",,
1,1,2,0,"1,1,2,0",,
2,1,3,1,"2,1,3,1",,
2,1,3,1,"2,1,3,1",,
2,1,3,1,"2,1,3,1",,
2,1,3,1,"2,1,3,1",,
1,1,2,0,"1,1,2,0",,
2,1,3,1,"2,1,3,1",,
2,1,3,1,"2,1,3,1",,
1,1,2,0,"1,1,2,0",,
1,1,2,0,"1,1,2,0",,
1,1,2,0,"1,1,2,0",,
1,1,2,0,"1,1,2,0",,
1,1,2,0,"1,1,2,0",,
6,1,7,5,"6,1,7,5",,
1,1,2,0,"1,1,2,0",,
1,1,2,0,"1,1,2,0",,
1,1,2,0,"1,1,2,0",,
1,1,2,0,"1,1,2,0",,
1,1,2,0,"1,1,2,0",,
1,1,2,0,"1,1,2,0",,
2,1,3,1,"2,1,3,1",,
1,1,2,0,"1,1,2,0",,
1,1,2,0,"1,1,2,0",,
1,1,2,0,"1,1,2,0",,
1,1,2,0,"1,1,2,0",,
1,1,2,0,"1,1,2,0",,
1,1,2,0,"1,1,2,0",,
2,1,3,1,"2,1,3,1",,
1,1,2,0,"1,1,2,0",,
1,1,2,0,"1,1,2,0",,
1,1,2,0,"1,1,2,0",,
1,1,2,0,"1,1,2,0",,
1,1,2,0,"1,1,2,0",,
1,1,2,0,"1,1,2,0",,
1,1,2,0,"1,1,2,0",,
1,1,2,0,"1,1,2,0",,
1,1,2,0,"1,1,2,0",,
1,1,2,0,"1,1,2,0",,
2,1,3,1,"2,1,3,1",,
1,1,2,0,"1,1,2,0",,
1,1,2,0,"1,1,2,0",,
1,1,2,0,"1,1,2,0",,
1,1,2,0,"1,1,2,0",,
1,1,2,0,"1,1,2,0",,
1,1,2,0,"1,1,2,0",,
1,1,2,0,"1,1,2,0",,
1,1,2,0,"1,1,2,0",,
1,1,2,0,"1,1,2,0",,
1,1,2,0,"1,1,2,0",,
1,1,2,0,"1,1,2,0",,
1,1,2,0,"1,1,2,0",,
1,1,2,0,"1,1,2,0",,
1,1,2,0,"1,1,2,0",,
1,1,2,0,"1,1,2,0",,
1,1,2,0,"1,1,2,0",,
1,1,2,0,"1,1,2,0",,
1,1,2,0,"1,1,2,0",,
1,1,2,0,"1,1,2,0",,
1,1,2,0,"1,1,2,0",,
1,1,2,0,"1,1,2,0",,
1,1,2,0,"1,1,2,0",,
1,1,2,0,"1,1,2,0",,
1,0,1,1,"1,0,1,1",,
1,0,1,1,"1,0,1,1",,
1,0,1,1,"1,0,1,1",,
1,0,1,1,"1,0,1,1",,
1,0,1,1,"1,0,1,1",,
1,0,1,1,"1,0,1,1",,
1,0,1,1,"1,0,1,1",,
1,0,1,1,"1,0,1,1",,
1,0,1,1,"1,0,1,1",,
1,0,1,1,"1,0,1,1",,
1,0,1,1,"1,0,1,1",,
1,0,1,1,"1,0,1,1",,
1,0,1,1,"1,0,1,1",,
1,0,1,1,"1,0,1,1",,
1,0,1,1,"1,0,1,1",,
1,0,1,1,"1,0,1,1",,
1,0,1,1,"1,0,1,1",,
1,0,1,1,"1,0,1,1",,
3,12,15,-9,"3,12,15,-9",,
3,12,15,-9,"3,12,15,-9",,
1,0,1,1,"1,0,1,1",,
1,0,1,1,"1,0,1,1",,
1,0,1,1,"1,0,1,1",,
1,0,1,1,"1,0,1,1",,
3,4,7,-1,"3,4,7,-1",,
1,0,1,1,"1,0,1,1",,
4,5,9,-1,"4,5,9,-1",,
1,0,1,1,"1,0,1,1",,
3,4,7,-1,"3,4,7,-1",,
1,0,1,1,"1,0,1,1",,
1,0,1,1,"1,0,1,1",,
1,0,1,1,"1,0,1,1",,
1,0,1,1,"1,0,1,1",,
1,0,1,1,"1,0,1,1",,
1,0,1,1,"1,0,1,1",,
3,5,8,-2,"3,5,8,-2",,
1,0,1,1,"1,0,1,1",,
1,0,1,1,"1,0,1,1",,
1,0,1,1,"1,0,1,1",,
1,0,1,1,"1,0,1,1",,
1,0,1,1,"1,0,1,1",,
1,0,1,1,"1,0,1,1",,
1,0,1,1,"1,0,1,1",,
1,0,1,1,"1,0,1,1",,
1,0,1,1,"1,0,1,1",,
1,0,1,1,"1,0,1,1",,
1,0,1,1,"1,0,1,1",,
1,0,1,1,"1,0,1,1",,
1,0,1,1,"1,0,1,1",,
1,0,1,1,"1,0,1,1",,
1,0,1,1,"1,0,1,1",,
1,0,1,1,"1,0,1,1",,
3,4,7,-1,"3,4,7,-1",,
3,4,7,-1,"3,4,7,-1",,
1,0,1,1,"1,0,1,1",,
1,0,1,1,"1,0,1,1",,
1,0,1,1,"1,0,1,1",,
1,0,1,1,"1,0,1,1",,
3,4,7,-1,"3,4,7,-1",,
1,0,1,1,"1,0,1,1",,
1,0,1,1,"1,0,1,1",,
1,0,1,1,"1,0,1,1",,
1,0,1,1,"1,0,1,1",,
1,0,1,1,"1,0,1,1",,
3,5,8,-2,"3,5,8,-2",,
2,1,3,1,"2,1,3,1",,
1,0,1,1,"1,0,1,1",,
1,0,1,1,"1,0,1,1",,
1,0,1,1,"1,0,1,1",,
1,0,1,1,"1,0,1,1",,
1,0,1,1,"1,0,1,1",,
4,5,9,-1,"4,5,9,-1",,
1,0,1,1,"1,0,1,1",,
1,0,1,1,"1,0,1,1",,
1,0,1,1,"1,0,1,1",,
1,0,1,1,"1,0,1,1",,
3,1,4,2,"3,1,4,2",,
2,1,3,1,"2,1,3,1",,
2,1,3,1,"2,1,3,1",,
7,0,7,7,"7,0,7,7",,
1,0,1,1,"1,0,1,1",,
1,0,1,1,"1,0,1,1",,
1,0,1,1,"1,0,1,1",,
1,0,1,1,"1,0,1,1",,
3,4,7,-1,"3,4,7,-1",,
1,0,1,1,"1,0,1,1",,
3,4,7,-1,"3,4,7,-1",,
1,0,1,1,"1,0,1,1",,
1,0,1,1,"1,0,1,1",,
1,0,1,1,"1,0,1,1",,
1,0,1,1,"1,0,1,1",,
1,0,1,1,"1,0,1,1",,
1,0,1,1,"1,0,1,1",,
1,0,1,1,"1,0,1,1",,
1,0,1,1,"1,0,1,1",,
1,0,1,1,"1,0,1,1",,
1,0,1,1,"1,0,1,1",,
1,0,1,1,"1,0,1,1",,
1,0,1,1,"1,0,1,1",,
1,0,1,1,"1,0,1,1",,
1,0,1,1,"1,0,1,1",,
1,0,1,1,"1,0,1,1",,
1,0,1,1,"1,0,1,1",,
1,0,1,1,"1,0,1,1",,
1,0,1,1,"1,0,1,1",,
1,0,1,1,"1,0,1,1",,
1,0,1,1,"1,0,1,1",,
1,0,1,1,"1,0,1,1",,
1,0,1,1,"1,0,1,1",,
1,0,1,1,"1,0,1,1",,
1,0,1,1,"1,0,1,1",,
1,0,1,1,"1,0,1,1",,
1,0,1,1,"1,0,1,1",,
1,0,1,1,"1,0,1,1",,
1,0,1,1,"1,0,1,1",,
1,0,1,1,"1,0,1,1",,
1,0,1,1,"1,0,1,1",,
1,0,1,1,"1,0,1,1",,
1,0,1,1,"1,0,1,1",,
1,0,1,1,"1,0,1,1",,
1,0,1,1,"1,0,1,1",,
1,0,1,1,"1,0,1,1",,
1,0,1,1,"1,0,1,1",,
1,0,1,1,"1,0,1,1",,
1,0,1,1,"1,0,1,1",,
1,0,1,1,"1,0,1,1",,
1,0,1,1,"1,0,1,1",,
1,0,1,1,"1,0,1,1",,
1,0,1,1,"1,0,1,1",,
1,0,1,1,"1,0,1,1",,
1,0,1,1,"1,0,1,1",,
1,0,1,1,"1,0,1,1",,
12,0,12,12,"12,0,12,12",,
1,0,1,1,"1,0,1,1",,
1,0,1,1,"1,0,1,1",,
1,0,1,1,"1,0,1,1",,
1,0,1,1,"1,0,1,1",,
1,0,1,1,"1,0,1,1",,
1,0,1,1,"1,0,1,1",,
1,0,1,1,"1,0,1,1",,
1,0,1,1,"1,0,1,1",,
1,0,1,1,"1,0,1,1",,
1,0,1,1,"1,0,1,1",,
1,0,1,1,"1,0,1,1",,
1,0,1,1,"1,0,1,1",,
1,0,1,1,"1,0,1,1",,
1,0,1,1,"1,0,1,1",,
1,0,1,1,"1,0,1,1",,
1,0,1,1,"1,0,1,1",,
1,0,1,1,"1,0,1,1",,
1,0,1,1,"1,0,1,1",,
1,0,1,1,"1,0,1,1",,
1,0,1,1,"1,0,1,1",,
1,0,1,1,"1,0,1,1",,
1,0,1,1,"1,0,1,1",,
1,0,1,1,"1,0,1,1",,
1,0,1,1,"1,0,1,1",,
1,0,1,1,"1,0,1,1",,
1,0,1,1,"1,0,1,1",,
1,0,1,1,"1,0,1,1",,
1,0,1,1,"1,0,1,1",,
1,0,1,1,"1,0,1,1",,
1,0,1,1,"1,0,1,1",,
1,0,1,1,"1,0,1,1",,
1,0,1,1,"1,0,1,1",,
1,0,1,1,"1,0,1,1",,
1,0,1,1,"1,0,1,1",,
1,0,1,1,"1,0,1,1",,
1,0,1,1,"1,0,1,1",,
1,0,1,1,"1,0,1,1",,
1,0,1,1,"1,0,1,1",,
1,0,1,1,"1,0,1,1",,
1,0,1,1,"1,0,1,1",,
1,0,1,1,"1,0,1,1",,
1,0,1,1,"1,0,1,1",,
1,0,1,1,"1,0,1,1",,
1,0,1,1,"1,0,1,1",,
1,0,1,1,"1,0,1,1",,
1,0,1,1,"1,0,1,1",,
1,0,1,1,"1,0,1,1",,
1,0,1,1,"1,0,1,1",,
1,0,1,1,"1,0,1,1",,
1,0,1,1,"1,0,1,1",,
1,0,1,1,"1,0,1,1",,
1,0,1,1,"1,0,1,1",,
1,0,1,1,"1,0,1,1",,
1,0,1,1,"1,0,1,1",,
1,0,1,1,"1,0,1,1",,
1,0,1,1,"1,0,1,1",,
1,0,1,1,"1,0,1,1",,
1,0,1,1,"1,0,1,1",,
1,0,1,1,"1,0,1,1",,
1,0,1,1,"1,0,1,1",,
1,0,1,1,"1,0,1,1",,
1,0,1,1,"1,0,1,1",,
1,0,1,1,"1,0,1,1",,
1,0,1,1,"1,0,1,1",,
1,0,1,1,"1,0,1,1",,
1,0,1,1,"1,0,1,1",,
1,0,1,1,"1,0,1,1",,
1,0,1,1,"1,0,1,1",,
1,0,1,1,"1,0,1,1",,
1,0,1,1,"1,0,1,1",,
1,0,1,1,"1,0,1,1",,
1,0,1,1,"1,0,1,1",,
1,0,1,1,"1,0,1,1",,
1,0,1,1,"1,0,1,1",,
1,0,1,1,"1,0,1,1",,
1,0,1,1,"1,0,1,1",,
1,0,1,1,"1,0,1,1",,
1,0,1,1,"1,0,1,1",,
1,0,1,1,"1,0,1,1",,
1,0,1,1,"1,0,1,1",,
1,0,1,1,"1,0,1,1",,
1,0,1,1,"1,0,1,1",,
1,0,1,1,"1,0,1,1",,
1,0,1,1,"1,0,1,1",,
1,0,1,1,"1,0,1,1",,
1,0,1,1,"1,0,1,1",,
1,0,1,1,"1,0,1,1",,
1,0,1,1,"1,0,1,1",,
1,0,1,1,"1,0,1,1",,
1,0,1,1,"1,0,1,1",,
1,0,1,1,"1,0,1,1",,
1,0,1,1,"1,0,1,1",,
1,0,1,1,"1,0,1,1",,
1,0,1,1,"1,0,1,1",,
1,0,1,1,"1,0,1,1",,
1,0,1,1,"1,0,1,1",,
1,0,1,1,"1,0,1,1",,
1,0,1,1,"1,0,1,1",,
1,0,1,1,"1,0,1,1",,
1,0,1,1,"1,0,1,1",,
1,0,1,1,"1,0,1,1",,
1,0,1,1,"1,0,1,1",,
1,0,1,1,"1,0,1,1",,
1,0,1,1,"1,0,1,1",,
1,0,1,1,"1,0,1,1",,
1,0,1,1,"1,0,1,1",,
2,1,3,1,"2,1,3,1",,
1,0,1,1,"1,0,1,1",,
1,1,2,0,"1,1,2,0",,
16,14,30,2,"16,14,30,2",,
1,1,2,0,"1,1,2,0",,
2,0,2,2,"2,0,2,2",,
1,0,1,1,"1,0,1,1",,
14,2,16,12,"14,2,16,12",,
33,0,33,33,"33,0,33,33",,
1,0,1,1,"1,0,1,1",,
3,3,6,0,"3,3,6,0",,
34,0,34,34,"34,0,34,34",,
1,22,23,-21,"1,22,23,-21",,
16,1,17,15,"16,1,17,15",,
2,1,3,1,"2,1,3,1",,
2,1,3,1,"2,1,3,1",,
0,1,1,-1,"0,1,1,-1",,
3,1,4,2,"3,1,4,2",,
4,4,8,0,"4,4,8,0",,
20,4,24,16,"20,4,24,16",,
33,0,33,33,"33,0,33,33",,
16,0,16,16,"16,0,16,16",,
16,6,22,10,"16,6,22,10",,
5,0,5,5,"5,0,5,5",,
18,3,21,15,"18,3,21,15",,
2,1,3,1,"2,1,3,1",,
7,2,9,5,"7,2,9,5",,
3,2,5,1,"3,2,5,1",,
16,1,17,15,"16,1,17,15",,
4,0,4,4,"4,0,4,4",,
78,0,78,78,"78,0,78,78",,
59,0,59,59,"59,0,59,59",,
4,0,4,4,"4,0,4,4",,
6,1,7,5,"6,1,7,5",,
31,9,40,22,"31,9,40,22",,
88,0,88,88,"88,0,88,88",,
156,0,156,156,"156,0,156,156",,
280,0,280,280,"280,0,280,280",,
1,0,1,1,"1,0,1,1",,
7,1,8,6,"7,1,8,6",,
12,0,12,12,"12,0,12,12",,
3,0,3,3,"3,0,3,3",,
33,0,33,33,"33,0,33,33",,
183,0,183,183,"183,0,183,183",,
30,0,30,30,"30,0,30,30",,
103,0,103,103,"103,0,103,103",,
171,0,171,171,"171,0,171,171",,
193,0,193,193,"193,0,193,193",,
142,0,142,142,"142,0,142,142",,
66,0,66,66,"66,0,66,66",,
45,0,45,45,"45,0,45,45",,
2,0,2,2,"2,0,2,2",,
7,0,7,7,"7,0,7,7",,
2,0,2,2,"2,0,2,2",,
151,0,151,151,"151,0,151,151",,
54,0,54,54,"54,0,54,54",,
25,0,25,25,"25,0,25,25",,
15,0,15,15,"15,0,15,15",,
8,0,8,8,"8,0,8,8",,
3,0,3,3,"3,0,3,3",,
2,1,3,1,"2,1,3,1",,
14,0,14,14,"14,0,14,14",,
36,0,36,36,"36,0,36,36",,
2,0,2,2,"2,0,2,2",,
148,0,148,148,"148,0,148,148",,
4,0,4,4,"4,0,4,4",,
2,2,4,0,"2,2,4,0",,
11,54,65,-43,"11,54,65,-43",,
87,0,87,87,"87,0,87,87",,
80,0,80,80,"80,0,80,80",,
5,2,7,3,"5,2,7,3",,
4,0,4,4,"4,0,4,4",,
12,1,13,11,"12,1,13,11",,
34,11,45,23,"34,11,45,23",,
13,16,29,-3,"13,16,29,-3",,
2,2,4,0,"2,2,4,0",,
4,0,4,4,"4,0,4,4",,
14,25,39,-11,"14,25,39,-11",,
12,29,41,-17,"12,29,41,-17",,
2,35,37,-33,"2,35,37,-33",,
0,0,0,0,"0,0,0,0",,
0,0,0,0,"0,0,0,0",,
3,3,6,0,"3,3,6,0",,
3,3,6,0,"3,3,6,0",,
1,1,2,0,"1,1,2,0",,
59,18,77,41,"59,18,77,41",,
0,131,131,-131,"0,131,131,-131",,
0,93,93,-93,"0,93,93,-93",,
2,7,9,-5,"2,7,9,-5",,
1,1,2,0,"1,1,2,0",,
2,2,4,0,"2,2,4,0",,
2,2,4,0,"2,2,4,0",,
1,2,3,-1,"1,2,3,-1",,
2,4,6,-2,"2,4,6,-2",,
1,1,2,0,"1,1,2,0",,
0,2,2,-2,"0,2,2,-2",,
0,26,26,-26,"0,26,26,-26",,
2,4,6,-2,"2,4,6,-2",,
2,2,4,0,"2,2,4,0",,
1,2,3,-1,"1,2,3,-1",,
2,2,4,0,"2,2,4,0",,
2,2,4,0,"2,2,4,0",,
2,2,4,0,"2,2,4,0",,
2,2,4,0,"2,2,4,0",,
2,2,4,0,"2,2,4,0",,
2,2,4,0,"2,2,4,0",,
1,1,2,0,"1,1,2,0",,
2,2,4,0,"2,2,4,0",,
1,1,2,0,"1,1,2,0",,
3,3,6,0,"3,3,6,0",,
1,1,2,0,"1,1,2,0",,
3,3,6,0,"3,3,6,0",,
4,0,4,4,"4,0,4,4",,
1,1,2,0,"1,1,2,0",,
8,8,16,0,"8,8,16,0",,
2,2,4,0,"2,2,4,0",,
4,0,4,4,"4,0,4,4",,
1,1,2,0,"1,1,2,0",,
1,1,2,0,"1,1,2,0",,
1,1,2,0,"1,1,2,0",,
0,0,0,0,"0,0,0,0",,
2,0,2,2,"2,0,2,2",,
2,0,2,2,"2,0,2,2",,
2,0,2,2,"2,0,2,2",,
2,0,2,2,"2,0,2,2",,
2,0,2,2,"2,0,2,2",,
2,0,2,2,"2,0,2,2",,
2,0,2,2,"2,0,2,2",,
55,0,55,55,"55,0,55,55",,
6,0,6,6,"6,0,6,6",,
47,0,47,47,"47,0,47,47",,
6,0,6,6,"6,0,6,6",,
3,0,3,3,"3,0,3,3",,
2,0,2,2,"2,0,2,2",,
2,0,2,2,"2,0,2,2",,
2,0,2,2,"2,0,2,2",,
2,0,2,2,"2,0,2,2",,
2,0,2,2,"2,0,2,2",,
2,0,2,2,"2,0,2,2",,
1,1,2,0,"1,1,2,0",,
2,2,4,0,"2,2,4,0",,
2,2,4,0,"2,2,4,0",,
2,1,3,1,"2,1,3,1",,
4,2,6,2,"4,2,6,2",,
1,1,2,0,"1,1,2,0",,
2,0,2,2,"2,0,2,2",,
26,0,26,26,"26,0,26,26",,
4,2,6,2,"4,2,6,2",,
2,2,4,0,"2,2,4,0",,
2,1,3,1,"2,1,3,1",,
2,2,4,0,"2,2,4,0",,
2,2,4,0,"2,2,4,0",,
2,2,4,0,"2,2,4,0",,
2,2,4,0,"2,2,4,0",,
2,2,4,0,"2,2,4,0",,
2,2,4,0,"2,2,4,0",,
1,1,2,0,"1,1,2,0",,
2,2,4,0,"2,2,4,0",,
1,1,2,0,"1,1,2,0",,
3,3,6,0,"3,3,6,0",,
1,1,2,0,"1,1,2,0",,
3,3,6,0,"3,3,6,0",,
1,1,2,0,"1,1,2,0",,
5,4,9,1,"5,4,9,1",,
8,7,15,1,"8,7,15,1",,
15,0,15,15,"15,0,15,15",,
75,1,76,74,"75,1,76,74",,
15,1,16,14,"15,1,16,14",,
2,1,3,1,"2,1,3,1",,
200,1,201,199,"200,1,201,199",,
2,1,3,1,"2,1,3,1",,
10,0,10,10,"10,0,10,10",,
17,0,17,17,"17,0,17,17",,
34,0,34,34,"34,0,34,34",,
185,5,190,180,"185,5,190,180",,
5,0,5,5,"5,0,5,5",,
1,0,1,1,"1,0,1,1",,
1,3,4,-2,"1,3,4,-2",,
1,3,4,-2,"1,3,4,-2",,
7,10,17,-3,"7,10,17,-3",,
2,5,7,-3,"2,5,7,-3",,
3,6,9,-3,"3,6,9,-3",,
5,8,13,-3,"5,8,13,-3",,
16,15,31,1,"16,15,31,1",,
12,18,30,-6,"12,18,30,-6",,
16,16,32,0,"16,16,32,0",,
6,10,16,-4,"6,10,16,-4",,
8,20,28,-12,"8,20,28,-12",,
3,5,8,-2,"3,5,8,-2",,
3,6,9,-3,"3,6,9,-3",,
3,5,8,-2,"3,5,8,-2",,
7,9,16,-2,"7,9,16,-2",,
7,9,16,-2,"7,9,16,-2",,
2,2,4,0,"2,2,4,0",,
1,3,4,-2,"1,3,4,-2",,
1,0,1,1,"1,0,1,1",,
3,4,7,-1,"3,4,7,-1",,
36,45,81,-9,"36,45,81,-9",,
2,4,6,-2,"2,4,6,-2",,
1,3,4,-2,"1,3,4,-2",,
21,23,44,-2,"21,23,44,-2",,
26,31,57,-5,"26,31,57,-5",,
1,3,4,-2,"1,3,4,-2",,
5,7,12,-2,"5,7,12,-2",,
1,3,4,-2,"1,3,4,-2",,
2,2,4,0,"2,2,4,0",,
1,4,5,-3,"1,4,5,-3",,
1,2,3,-1,"1,2,3,-1",,
2,5,7,-3,"2,5,7,-3",,
1,3,4,-2,"1,3,4,-2",,
6,12,18,-6,"6,12,18,-6",,
1,2,3,-1,"1,2,3,-1",,
8,7,15,1,"8,7,15,1",,
1,3,4,-2,"1,3,4,-2",,
3,5,8,-2,"3,5,8,-2",,
30,28,58,2,"30,28,58,2",,
13,16,29,-3,"13,16,29,-3",,
18,20,38,-2,"18,20,38,-2",,
8,14,22,-6,"8,14,22,-6",,
36,43,79,-7,"36,43,79,-7",,
1,3,4,-2,"1,3,4,-2",,
26,43,69,-17,"26,43,69,-17",,
19,27,46,-8,"19,27,46,-8",,
6,6,12,0,"6,6,12,0",,
5,13,18,-8,"5,13,18,-8",,
2,6,8,-4,"2,6,8,-4",,
1,3,4,-2,"1,3,4,-2",,
5,9,14,-4,"5,9,14,-4",,
7,14,21,-7,"7,14,21,-7",,
3,9,12,-6,"3,9,12,-6",,
49,64,113,-15,"49,64,113,-15",,
3,4,7,-1,"3,4,7,-1",,
4,5,9,-1,"4,5,9,-1",,
6,11,17,-5,"6,11,17,-5",,
2,5,7,-3,"2,5,7,-3",,
1,3,4,-2,"1,3,4,-2",,
7,11,18,-4,"7,11,18,-4",,
1,3,4,-2,"1,3,4,-2",,
3,9,12,-6,"3,9,12,-6",,
39,87,126,-48,"39,87,126,-48",,
11,30,41,-19,"11,30,41,-19",,
16,20,36,-4,"16,20,36,-4",,
2,5,7,-3,"2,5,7,-3",,
0,1,1,-1,"0,1,1,-1",,
1,3,4,-2,"1,3,4,-2",,
6,8,14,-2,"6,8,14,-2",,
37,49,86,-12,"37,49,86,-12",,
10,3,13,7,"10,3,13,7",,
22,13,35,9,"22,13,35,9",,
35,47,82,-12,"35,47,82,-12",,
18,20,38,-2,"18,20,38,-2",,
3,4,7,-1,"3,4,7,-1",,
5,5,10,0,"5,5,10,0",,
15,17,32,-2,"15,17,32,-2",,
5,10,15,-5,"5,10,15,-5",,
0,1,1,-1,"0,1,1,-1",,
2,1,3,1,"2,1,3,1",,
1,3,4,-2,"1,3,4,-2",,
2,1,3,1,"2,1,3,1",,
10,5,15,5,"10,5,15,5",,
29,27,56,2,"29,27,56,2",,
9,11,20,-2,"9,11,20,-2",,
4,6,10,-2,"4,6,10,-2",,
11,19,30,-8,"11,19,30,-8",,
2,6,8,-4,"2,6,8,-4",,
1,3,4,-2,"1,3,4,-2",,
7,11,18,-4,"7,11,18,-4",,
14,20,34,-6,"14,20,34,-6",,
9,10,19,-1,"9,10,19,-1",,
3,8,11,-5,"3,8,11,-5",,
1,4,5,-3,"1,4,5,-3",,
5,7,12,-2,"5,7,12,-2",,
3,10,13,-7,"3,10,13,-7",,
19,27,46,-8,"19,27,46,-8",,
29,27,56,2,"29,27,56,2",,
7,17,24,-10,"7,17,24,-10",,
14,6,20,8,"14,6,20,8",,
4,4,8,0,"4,4,8,0",,
3,8,11,-5,"3,8,11,-5",,
2,2,4,0,"2,2,4,0",,
24,37,61,-13,"24,37,61,-13",,
9,17,26,-8,"9,17,26,-8",,
9,19,28,-10,"9,19,28,-10",,
2,3,5,-1,"2,3,5,-1",,
3,4,7,-1,"3,4,7,-1",,
4,3,7,1,"4,3,7,1",,
40,65,105,-25,"40,65,105,-25",,
7,6,13,1,"7,6,13,1",,
8,8,16,0,"8,8,16,0",,
1,3,4,-2,"1,3,4,-2",,
9,3,12,6,"9,3,12,6",,
2,6,8,-4,"2,6,8,-4",,
18,16,34,2,"18,16,34,2",,
23,33,56,-10,"23,33,56,-10",,
15,18,33,-3,"15,18,33,-3",,
16,10,26,6,"16,10,26,6",,
17,25,42,-8,"17,25,42,-8",,
1,3,4,-2,"1,3,4,-2",,
1,3,4,-2,"1,3,4,-2",,
2,6,8,-4,"2,6,8,-4",,
1,3,4,-2,"1,3,4,-2",,
15,20,35,-5,"15,20,35,-5",,
28,55,83,-27,"28,55,83,-27",,
29,40,69,-11,"29,40,69,-11",,
16,17,33,-1,"16,17,33,-1",,
16,22,38,-6,"16,22,38,-6",,
48,65,113,-17,"48,65,113,-17",,
11,10,21,1,"11,10,21,1",,
10,6,16,4,"10,6,16,4",,
10,14,24,-4,"10,14,24,-4",,
22,31,53,-9,"22,31,53,-9",,
1,3,4,-2,"1,3,4,-2",,
1,3,4,-2,"1,3,4,-2",,
8,12,20,-4,"8,12,20,-4",,
24,43,67,-19,"24,43,67,-19",,
11,12,23,-1,"11,12,23,-1",,
27,27,54,0,"27,27,54,0",,
2,2,4,0,"2,2,4,0",,
7,7,14,0,"7,7,14,0",,
6,6,12,0,"6,6,12,0",,
1,3,4,-2,"1,3,4,-2",,
76,90,166,-14,"76,90,166,-14",,
1,3,4,-2,"1,3,4,-2",,
3,12,15,-9,"3,12,15,-9",,
1,3,4,-2,"1,3,4,-2",,
6,8,14,-2,"6,8,14,-2",,
105,80,185,25,"105,80,185,25",,
3,6,9,-3,"3,6,9,-3",,
12,8,20,4,"12,8,20,4",,
12,8,20,4,"12,8,20,4",,
3,5,8,-2,"3,5,8,-2",,
0,1,1,-1,"0,1,1,-1",,
10,12,22,-2,"10,12,22,-2",,
3,3,6,0,"3,3,6,0",,
5,5,10,0,"5,5,10,0",,
76,94,170,-18,"76,94,170,-18",,
0,1,1,-1,"0,1,1,-1",,
1,2,3,-1,"1,2,3,-1",,
177,193,370,-16,"177,193,370,-16",,
8,8,16,0,"8,8,16,0",,
1,3,4,-2,"1,3,4,-2",,
68,48,116,20,"68,48,116,20",,
5,10,15,-5,"5,10,15,-5",,
1,2,3,-1,"1,2,3,-1",,
6,9,15,-3,"6,9,15,-3",,
1,3,4,-2,"1,3,4,-2",,
2,5,7,-3,"2,5,7,-3",,
5,4,9,1,"5,4,9,1",,
6,12,18,-6,"6,12,18,-6",,
1,3,4,-2,"1,3,4,-2",,
3,9,12,-6,"3,9,12,-6",,
5,9,14,-4,"5,9,14,-4",,
1,3,4,-2,"1,3,4,-2",,
11,14,25,-3,"11,14,25,-3",,
14,21,35,-7,"14,21,35,-7",,
3,2,5,1,"3,2,5,1",,
3,9,12,-6,"3,9,12,-6",,
1,3,4,-2,"1,3,4,-2",,
1,3,4,-2,"1,3,4,-2",,
3,4,7,-1,"3,4,7,-1",,
10,9,19,1,"10,9,19,1",,
2,2,4,0,"2,2,4,0",,
11,14,25,-3,"11,14,25,-3",,
6,13,19,-7,"6,13,19,-7",,
8,18,26,-10,"8,18,26,-10",,
1,3,4,-2,"1,3,4,-2",,
30,47,77,-17,"30,47,77,-17",,
32,32,64,0,"32,32,64,0",,
2,5,7,-3,"2,5,7,-3",,
3,4,7,-1,"3,4,7,-1",,
8,10,18,-2,"8,10,18,-2",,
5,8,13,-3,"5,8,13,-3",,
4,5,9,-1,"4,5,9,-1",,
102,113,215,-11,"102,113,215,-11",,
38,35,73,3,"38,35,73,3",,
40,48,88,-8,"40,48,88,-8",,
5,5,10,0,"5,5,10,0",,
42,48,90,-6,"42,48,90,-6",,
3,4,7,-1,"3,4,7,-1",,
1,3,4,-2,"1,3,4,-2",,
1,4,5,-3,"1,4,5,-3",,
16,18,34,-2,"16,18,34,-2",,
8,12,20,-4,"8,12,20,-4",,
31,35,66,-4,"31,35,66,-4",,
1,3,4,-2,"1,3,4,-2",,
3,5,8,-2,"3,5,8,-2",,
2,5,7,-3,"2,5,7,-3",,
1,1,2,0,"1,1,2,0",,
1,4,5,-3,"1,4,5,-3",,
4,9,13,-5,"4,9,13,-5",,
6,6,12,0,"6,6,12,0",,
7,11,18,-4,"7,11,18,-4",,
7,8,15,-1,"7,8,15,-1",,
7,4,11,3,"7,4,11,3",,
18,23,41,-5,"18,23,41,-5",,
8,8,16,0,"8,8,16,0",,
7,9,16,-2,"7,9,16,-2",,
1,3,4,-2,"1,3,4,-2",,
10,9,19,1,"10,9,19,1",,
6,3,9,3,"6,3,9,3",,
4,3,7,1,"4,3,7,1",,
4,1,5,3,"4,1,5,3",,
16,19,35,-3,"16,19,35,-3",,
6,2,8,4,"6,2,8,4",,
11,8,19,3,"11,8,19,3",,
55,86,141,-31,"55,86,141,-31",,
1,4,5,-3,"1,4,5,-3",,
35,35,70,0,"35,35,70,0",,
1,3,4,-2,"1,3,4,-2",,
0,1,1,-1,"0,1,1,-1",,
7,8,15,-1,"7,8,15,-1",,
2,6,8,-4,"2,6,8,-4",,
2,2,4,0,"2,2,4,0",,
5,7,12,-2,"5,7,12,-2",,
7,7,14,0,"7,7,14,0",,
2,5,7,-3,"2,5,7,-3",,
1,2,3,-1,"1,2,3,-1",,
3,2,5,1,"3,2,5,1",,
20,53,73,-33,"20,53,73,-33",,
8,9,17,-1,"8,9,17,-1",,
5,7,12,-2,"5,7,12,-2",,
20,20,40,0,"20,20,40,0",,
14,16,30,-2,"14,16,30,-2",,
3,6,9,-3,"3,6,9,-3",,
11,25,36,-14,"11,25,36,-14",,
32,49,81,-17,"32,49,81,-17",,
28,26,54,2,"28,26,54,2",,
6,7,13,-1,"6,7,13,-1",,
5,6,11,-1,"5,6,11,-1",,
19,23,42,-4,"19,23,42,-4",,
5,11,16,-6,"5,11,16,-6",,
3,2,5,1,"3,2,5,1",,
3,8,11,-5,"3,8,11,-5",,
6,10,16,-4,"6,10,16,-4",,
15,19,34,-4,"15,19,34,-4",,
1,3,4,-2,"1,3,4,-2",,
11,18,29,-7,"11,18,29,-7",,
8,7,15,1,"8,7,15,1",,
1,3,4,-2,"1,3,4,-2",,
1,1,2,0,"1,1,2,0",,
13,14,27,-1,"13,14,27,-1",,
15,20,35,-5,"15,20,35,-5",,
3,7,10,-4,"3,7,10,-4",,
1,3,4,-2,"1,3,4,-2",,
4,8,12,-4,"4,8,12,-4",,
6,17,23,-11,"6,17,23,-11",,
6,15,21,-9,"6,15,21,-9",,
32,44,76,-12,"32,44,76,-12",,
49,38,87,11,"49,38,87,11",,
9,27,36,-18,"9,27,36,-18",,
14,38,52,-24,"14,38,52,-24",,
2,2,4,0,"2,2,4,0",,
1,1,2,0,"1,1,2,0",,
1,1,2,0,"1,1,2,0",,
27,29,56,-2,"27,29,56,-2",,
11,19,30,-8,"11,19,30,-8",,
1,3,4,-2,"1,3,4,-2",,
2,2,4,0,"2,2,4,0",,
1,3,4,-2,"1,3,4,-2",,
43,43,86,0,"43,43,86,0",,
4,8,12,-4,"4,8,12,-4",,
5,8,13,-3,"5,8,13,-3",,
8,15,23,-7,"8,15,23,-7",,
2,5,7,-3,"2,5,7,-3",,
4,16,20,-12,"4,16,20,-12",,
17,25,42,-8,"17,25,42,-8",,
1,3,4,-2,"1,3,4,-2",,
4,4,8,0,"4,4,8,0",,
2,3,5,-1,"2,3,5,-1",,
1,1,2,0,"1,1,2,0",,
8,16,24,-8,"8,16,24,-8",,
4,10,14,-6,"4,10,14,-6",,
9,13,22,-4,"9,13,22,-4",,
7,19,26,-12,"7,19,26,-12",,
2,2,4,0,"2,2,4,0",,
1,3,4,-2,"1,3,4,-2",,
4,4,8,0,"4,4,8,0",,
4,10,14,-6,"4,10,14,-6",,
10,22,32,-12,"10,22,32,-12",,
1,3,4,-2,"1,3,4,-2",,
11,11,22,0,"11,11,22,0",,
63,89,152,-26,"63,89,152,-26",,
1,3,4,-2,"1,3,4,-2",,
30,41,71,-11,"30,41,71,-11",,
35,25,60,10,"35,25,60,10",,
82,104,186,-22,"82,104,186,-22",,
14,16,30,-2,"14,16,30,-2",,
2,5,7,-3,"2,5,7,-3",,
1,3,4,-2,"1,3,4,-2",,
15,17,32,-2,"15,17,32,-2",,
3,7,10,-4,"3,7,10,-4",,
1,2,3,-1,"1,2,3,-1",,
1,3,4,-2,"1,3,4,-2",,
4,6,10,-2,"4,6,10,-2",,
39,48,87,-9,"39,48,87,-9",,
8,13,21,-5,"8,13,21,-5",,
6,5,11,1,"6,5,11,1",,
17,21,38,-4,"17,21,38,-4",,
12,18,30,-6,"12,18,30,-6",,
6,3,9,3,"6,3,9,3",,
1,3,4,-2,"1,3,4,-2",,
130,211,341,-81,"130,211,341,-81",,
1,3,4,-2,"1,3,4,-2",,
7,7,14,0,"7,7,14,0",,
6,7,13,-1,"6,7,13,-1",,
34,38,72,-4,"34,38,72,-4",,
2,2,4,0,"2,2,4,0",,
1,3,4,-2,"1,3,4,-2",,
1,3,4,-2,"1,3,4,-2",,
1,3,4,-2,"1,3,4,-2",,
11,14,25,-3,"11,14,25,-3",,
9,19,28,-10,"9,19,28,-10",,
11,13,24,-2,"11,13,24,-2",,
8,17,25,-9,"8,17,25,-9",,
9,25,34,-16,"9,25,34,-16",,
25,30,55,-5,"25,30,55,-5",,
11,12,23,-1,"11,12,23,-1",,
1,3,4,-2,"1,3,4,-2",,
1,3,4,-2,"1,3,4,-2",,
2,3,5,-1,"2,3,5,-1",,
9,9,18,0,"9,9,18,0",,
15,18,33,-3,"15,18,33,-3",,
1,3,4,-2,"1,3,4,-2",,
2,7,9,-5,"2,7,9,-5",,
1,3,4,-2,"1,3,4,-2",,
2,5,7,-3,"2,5,7,-3",,
1,3,4,-2,"1,3,4,-2",,
5,7,12,-2,"5,7,12,-2",,
10,19,29,-9,"10,19,29,-9",,
4,12,16,-8,"4,12,16,-8",,
6,12,18,-6,"6,12,18,-6",,
11,10,21,1,"11,10,21,1",,
1,3,4,-2,"1,3,4,-2",,
7,20,27,-13,"7,20,27,-13",,
5,7,12,-2,"5,7,12,-2",,
12,9,21,3,"12,9,21,3",,
14,17,31,-3,"14,17,31,-3",,
8,10,18,-2,"8,10,18,-2",,
15,23,38,-8,"15,23,38,-8",,
8,14,22,-6,"8,14,22,-6",,
57,65,122,-8,"57,65,122,-8",,
1,4,5,-3,"1,4,5,-3",,
63,79,142,-16,"63,79,142,-16",,
7,12,19,-5,"7,12,19,-5",,
4,5,9,-1,"4,5,9,-1",,
11,32,43,-21,"11,32,43,-21",,
13,12,25,1,"13,12,25,1",,
10,11,21,-1,"10,11,21,-1",,
2,4,6,-2,"2,4,6,-2",,
23,17,40,6,"23,17,40,6",,
1,4,5,-3,"1,4,5,-3",,
14,23,37,-9,"14,23,37,-9",,
48,60,108,-12,"48,60,108,-12",,
9,12,21,-3,"9,12,21,-3",,
2,7,9,-5,"2,7,9,-5",,
2,3,5,-1,"2,3,5,-1",,
3,7,10,-4,"3,7,10,-4",,
5,8,13,-3,"5,8,13,-3",,
566,132,698,434,"566,132,698,434",,
4,8,12,-4,"4,8,12,-4",,
10,21,31,-11,"10,21,31,-11",,
6,11,17,-5,"6,11,17,-5",,
17,16,33,1,"17,16,33,1",,
16,17,33,-1,"16,17,33,-1",,
27,38,65,-11,"27,38,65,-11",,
3,9,12,-6,"3,9,12,-6",,
1,3,4,-2,"1,3,4,-2",,
4,11,15,-7,"4,11,15,-7",,
1,3,4,-2,"1,3,4,-2",,
17,16,33,1,"17,16,33,1",,
5,5,10,0,"5,5,10,0",,
2,0,2,2,"2,0,2,2",,
2,2,4,0,"2,2,4,0",,
14,29,43,-15,"14,29,43,-15",,
9,14,23,-5,"9,14,23,-5",,
1,3,4,-2,"1,3,4,-2",,
7,9,16,-2,"7,9,16,-2",,
2,2,4,0,"2,2,4,0",,
1,3,4,-2,"1,3,4,-2",,
2,2,4,0,"2,2,4,0",,
3,4,7,-1,"3,4,7,-1",,
7,11,18,-4,"7,11,18,-4",,
4,3,7,1,"4,3,7,1",,
19,27,46,-8,"19,27,46,-8",,
20,59,79,-39,"20,59,79,-39",,
79,105,184,-26,"79,105,184,-26",,
1,3,4,-2,"1,3,4,-2",,
6,6,12,0,"6,6,12,0",,
9,10,19,-1,"9,10,19,-1",,
6,7,13,-1,"6,7,13,-1",,
2,6,8,-4,"2,6,8,-4",,
11,14,25,-3,"11,14,25,-3",,
1,3,4,-2,"1,3,4,-2",,
12,14,26,-2,"12,14,26,-2",,
5,7,12,-2,"5,7,12,-2",,
3,9,12,-6,"3,9,12,-6",,
21,41,62,-20,"21,41,62,-20",,
3,4,7,-1,"3,4,7,-1",,
1,3,4,-2,"1,3,4,-2",,
11,24,35,-13,"11,24,35,-13",,
3,10,13,-7,"3,10,13,-7",,
9,3,12,6,"9,3,12,6",,
7,11,18,-4,"7,11,18,-4",,
16,31,47,-15,"16,31,47,-15",,
1,3,4,-2,"1,3,4,-2",,
145,172,317,-27,"145,172,317,-27",,
20,32,52,-12,"20,32,52,-12",,
3,3,6,0,"3,3,6,0",,
1,2,3,-1,"1,2,3,-1",,
30,31,61,-1,"30,31,61,-1",,
10,8,18,2,"10,8,18,2",,
21,21,42,0,"21,21,42,0",,
6,17,23,-11,"6,17,23,-11",,
4,13,17,-9,"4,13,17,-9",,
7,12,19,-5,"7,12,19,-5",,
6,14,20,-8,"6,14,20,-8",,
1,1,2,0,"1,1,2,0",,
15,17,32,-2,"15,17,32,-2",,
16,14,30,2,"16,14,30,2",,
1,4,5,-3,"1,4,5,-3",,
17,17,34,0,"17,17,34,0",,
17,39,56,-22,"17,39,56,-22",,
9,19,28,-10,"9,19,28,-10",,
1,3,4,-2,"1,3,4,-2",,
4,9,13,-5,"4,9,13,-5",,
17,17,34,0,"17,17,34,0",,
29,30,59,-1,"29,30,59,-1",,
1,3,4,-2,"1,3,4,-2",,
26,33,59,-7,"26,33,59,-7",,
11,16,27,-5,"11,16,27,-5",,
21,22,43,-1,"21,22,43,-1",,
3,3,6,0,"3,3,6,0",,
5,4,9,1,"5,4,9,1",,
2,10,12,-8,"2,10,12,-8",,
2,2,4,0,"2,2,4,0",,
15,36,51,-21,"15,36,51,-21",,
3,2,5,1,"3,2,5,1",,
22,25,47,-3,"22,25,47,-3",,
5,11,16,-6,"5,11,16,-6",,
1,3,4,-2,"1,3,4,-2",,
7,13,20,-6,"7,13,20,-6",,
1,3,4,-2,"1,3,4,-2",,
6,5,11,1,"6,5,11,1",,
3,8,11,-5,"3,8,11,-5",,
18,20,38,-2,"18,20,38,-2",,
6,7,13,-1,"6,7,13,-1",,
37,40,77,-3,"37,40,77,-3",,
1,3,4,-2,"1,3,4,-2",,
11,17,28,-6,"11,17,28,-6",,
11,13,24,-2,"11,13,24,-2",,
5,10,15,-5,"5,10,15,-5",,
1,3,4,-2,"1,3,4,-2",,
5,6,11,-1,"5,6,11,-1",,
41,37,78,4,"41,37,78,4",,
3,5,8,-2,"3,5,8,-2",,
44,27,71,17,"44,27,71,17",,
1,3,4,-2,"1,3,4,-2",,
10,18,28,-8,"10,18,28,-8",,
8,17,25,-9,"8,17,25,-9",,
2,5,7,-3,"2,5,7,-3",,
3,8,11,-5,"3,8,11,-5",,
5,5,10,0,"5,5,10,0",,
36,34,70,2,"36,34,70,2",,
7,6,13,1,"7,6,13,1",,
11,17,28,-6,"11,17,28,-6",,
1,0,1,1,"1,0,1,1",,
27,28,55,-1,"27,28,55,-1",,
6,10,16,-4,"6,10,16,-4",,
34,39,73,-5,"34,39,73,-5",,
6,5,11,1,"6,5,11,1",,
1,1,2,0,"1,1,2,0",,
14,31,45,-17,"14,31,45,-17",,
5,15,20,-10,"5,15,20,-10",,
11,18,29,-7,"11,18,29,-7",,
2,2,4,0,"2,2,4,0",,
4,6,10,-2,"4,6,10,-2",,
1,3,4,-2,"1,3,4,-2",,
4,4,8,0,"4,4,8,0",,
2,3,5,-1,"2,3,5,-1",,
9,8,17,1,"9,8,17,1",,
4,5,9,-1,"4,5,9,-1",,
0,1,1,-1,"0,1,1,-1",,
5,5,10,0,"5,5,10,0",,
13,16,29,-3,"13,16,29,-3",,
3,3,6,0,"3,3,6,0",,
1,1,2,0,"1,1,2,0",,
17,24,41,-7,"17,24,41,-7",,
1,3,4,-2,"1,3,4,-2",,
14,16,30,-2,"14,16,30,-2",,
13,17,30,-4,"13,17,30,-4",,
24,17,41,7,"24,17,41,7",,
9,9,18,0,"9,9,18,0",,
3,2,5,1,"3,2,5,1",,
1,3,4,-2,"1,3,4,-2",,
7,14,21,-7,"7,14,21,-7",,
4,6,10,-2,"4,6,10,-2",,
4,3,7,1,"4,3,7,1",,
19,20,39,-1,"19,20,39,-1",,
1,3,4,-2,"1,3,4,-2",,
7,9,16,-2,"7,9,16,-2",,
25,49,74,-24,"25,49,74,-24",,
5,10,15,-5,"5,10,15,-5",,
3,8,11,-5,"3,8,11,-5",,
20,20,40,0,"20,20,40,0",,
19,50,69,-31,"19,50,69,-31",,
22,20,42,2,"22,20,42,2",,
5,7,12,-2,"5,7,12,-2",,
12,13,25,-1,"12,13,25,-1",,
8,10,18,-2,"8,10,18,-2",,
2,4,6,-2,"2,4,6,-2",,
3,3,6,0,"3,3,6,0",,
1,1,2,0,"1,1,2,0",,
1,1,2,0,"1,1,2,0",,
8,21,29,-13,"8,21,29,-13",,
2,6,8,-4,"2,6,8,-4",,
5,12,17,-7,"5,12,17,-7",,
14,21,35,-7,"14,21,35,-7",,
3,6,9,-3,"3,6,9,-3",,
5,15,20,-10,"5,15,20,-10",,
1,3,4,-2,"1,3,4,-2",,
10,10,20,0,"10,10,20,0",,
34,37,71,-3,"34,37,71,-3",,
14,14,28,0,"14,14,28,0",,
29,41,70,-12,"29,41,70,-12",,
37,36,73,1,"37,36,73,1",,
12,15,27,-3,"12,15,27,-3",,
74,72,146,2,"74,72,146,2",,
56,59,115,-3,"56,59,115,-3",,
13,14,27,-1,"13,14,27,-1",,
32,25,57,7,"32,25,57,7",,
34,35,69,-1,"34,35,69,-1",,
27,30,57,-3,"27,30,57,-3",,
26,28,54,-2,"26,28,54,-2",,
24,27,51,-3,"24,27,51,-3",,
26,26,52,0,"26,26,52,0",,
27,30,57,-3,"27,30,57,-3",,
46,47,93,-1,"46,47,93,-1",,
51,51,102,0,"51,51,102,0",,
17,20,37,-3,"17,20,37,-3",,
2,4,6,-2,"2,4,6,-2",,
6,7,13,-1,"6,7,13,-1",,
14,18,32,-4,"14,18,32,-4",,
10,8,18,2,"10,8,18,2",,
30,28,58,2,"30,28,58,2",,
2,4,6,-2,"2,4,6,-2",,
17,19,36,-2,"17,19,36,-2",,
1,2,3,-1,"1,2,3,-1",,
18,17,35,1,"18,17,35,1",,
14,13,27,1,"14,13,27,1",,
13,13,26,0,"13,13,26,0",,
37,34,71,3,"37,34,71,3",,
48,45,93,3,"48,45,93,3",,
10,23,33,-13,"10,23,33,-13",,
9,10,19,-1,"9,10,19,-1",,
18,17,35,1,"18,17,35,1",,
1,1,2,0,"1,1,2,0",,
2,7,9,-5,"2,7,9,-5",,
1,1,2,0,"1,1,2,0",,
12,17,29,-5,"12,17,29,-5",,
1,1,2,0,"1,1,2,0",,
11,14,25,-3,"11,14,25,-3",,
9,14,23,-5,"9,14,23,-5",,
11,13,24,-2,"11,13,24,-2",,
1,3,4,-2,"1,3,4,-2",,
15,15,30,0,"15,15,30,0",,
30,40,70,-10,"30,40,70,-10",,
15,16,31,-1,"15,16,31,-1",,
2,2,4,0,"2,2,4,0",,
22,27,49,-5,"22,27,49,-5",,
6,11,17,-5,"6,11,17,-5",,
3,7,10,-4,"3,7,10,-4",,
14,16,30,-2,"14,16,30,-2",,
1,3,4,-2,"1,3,4,-2",,
7,15,22,-8,"7,15,22,-8",,
60,65,125,-5,"60,65,125,-5",,
15,20,35,-5,"15,20,35,-5",,
58,64,122,-6,"58,64,122,-6",,
12,10,22,2,"12,10,22,2",,
3,4,7,-1,"3,4,7,-1",,
37,42,79,-5,"37,42,79,-5",,
2,6,8,-4,"2,6,8,-4",,
9,12,21,-3,"9,12,21,-3",,
2,6,8,-4,"2,6,8,-4",,
2,6,8,-4,"2,6,8,-4",,
2,6,8,-4,"2,6,8,-4",,
3,8,11,-5,"3,8,11,-5",,
3,9,12,-6,"3,9,12,-6",,
8,12,20,-4,"8,12,20,-4",,
16,27,43,-11,"16,27,43,-11",,
6,7,13,-1,"6,7,13,-1",,
13,11,24,2,"13,11,24,2",,
5,7,12,-2,"5,7,12,-2",,
7,8,15,-1,"7,8,15,-1",,
6,5,11,1,"6,5,11,1",,
3,11,14,-8,"3,11,14,-8",,
16,17,33,-1,"16,17,33,-1",,
5,6,11,-1,"5,6,11,-1",,
8,6,14,2,"8,6,14,2",,
6,5,11,1,"6,5,11,1",,
2,6,8,-4,"2,6,8,-4",,
6,5,11,1,"6,5,11,1",,
1,1,2,0,"1,1,2,0",,
1,3,4,-2,"1,3,4,-2",,
30,29,59,1,"30,29,59,1",,
4,8,12,-4,"4,8,12,-4",,
8,22,30,-14,"8,22,30,-14",,
1,3,4,-2,"1,3,4,-2",,
4,4,8,0,"4,4,8,0",,
9,14,23,-5,"9,14,23,-5",,
2,5,7,-3,"2,5,7,-3",,
2,2,4,0,"2,2,4,0",,
29,29,58,0,"29,29,58,0",,
53,56,109,-3,"53,56,109,-3",,
12,12,24,0,"12,12,24,0",,
7,13,20,-6,"7,13,20,-6",,
2,5,7,-3,"2,5,7,-3",,
2,5,7,-3,"2,5,7,-3",,
4,8,12,-4,"4,8,12,-4",,
5,7,12,-2,"5,7,12,-2",,
9,7,16,2,"9,7,16,2",,
7,9,16,-2,"7,9,16,-2",,
46,77,123,-31,"46,77,123,-31",,
19,21,40,-2,"19,21,40,-2",,
2,4,6,-2,"2,4,6,-2",,
22,22,44,0,"22,22,44,0",,
2,5,7,-3,"2,5,7,-3",,
1,4,5,-3,"1,4,5,-3",,
3,7,10,-4,"3,7,10,-4",,
16,25,41,-9,"16,25,41,-9",,
39,56,95,-17,"39,56,95,-17",,
2,7,9,-5,"2,7,9,-5",,
9,14,23,-5,"9,14,23,-5",,
8,14,22,-6,"8,14,22,-6",,
1,1,2,0,"1,1,2,0",,
1,3,4,-2,"1,3,4,-2",,
32,31,63,1,"32,31,63,1",,
8,22,30,-14,"8,22,30,-14",,
9,13,22,-4,"9,13,22,-4",,
1,3,4,-2,"1,3,4,-2",,
4,14,18,-10,"4,14,18,-10",,
5,7,12,-2,"5,7,12,-2",,
4,6,10,-2,"4,6,10,-2",,
17,24,41,-7,"17,24,41,-7",,
2,3,5,-1,"2,3,5,-1",,
6,9,15,-3,"6,9,15,-3",,
1,3,4,-2,"1,3,4,-2",,
1,4,5,-3,"1,4,5,-3",,
6,7,13,-1,"6,7,13,-1",,
3,10,13,-7,"3,10,13,-7",,
1,3,4,-2,"1,3,4,-2",,
23,22,45,1,"23,22,45,1",,
63,52,115,11,"63,52,115,11",,
44,43,87,1,"44,43,87,1",,
7,14,21,-7,"7,14,21,-7",,
29,30,59,-1,"29,30,59,-1",,
45,51,96,-6,"45,51,96,-6",,
33,35,68,-2,"33,35,68,-2",,
21,23,44,-2,"21,23,44,-2",,
10,13,23,-3,"10,13,23,-3",,
2,4,6,-2,"2,4,6,-2",,
13,20,33,-7,"13,20,33,-7",,
22,20,42,2,"22,20,42,2",,
20,26,46,-6,"20,26,46,-6",,
25,25,50,0,"25,25,50,0",,
11,15,26,-4,"11,15,26,-4",,
6,12,18,-6,"6,12,18,-6",,
13,16,29,-3,"13,16,29,-3",,
18,18,36,0,"18,18,36,0",,
28,25,53,3,"28,25,53,3",,
10,14,24,-4,"10,14,24,-4",,
14,15,29,-1,"14,15,29,-1",,
1,3,4,-2,"1,3,4,-2",,
37,48,85,-11,"37,48,85,-11",,
3,6,9,-3,"3,6,9,-3",,
21,19,40,2,"21,19,40,2",,
7,11,18,-4,"7,11,18,-4",,
11,10,21,1,"11,10,21,1",,
31,30,61,1,"31,30,61,1",,
10,9,19,1,"10,9,19,1",,
2,2,4,0,"2,2,4,0",,
23,29,52,-6,"23,29,52,-6",,
3,8,11,-5,"3,8,11,-5",,
1,2,3,-1,"1,2,3,-1",,
3,5,8,-2,"3,5,8,-2",,
42,48,90,-6,"42,48,90,-6",,
3,3,6,0,"3,3,6,0",,
3,10,13,-7,"3,10,13,-7",,
15,30,45,-15,"15,30,45,-15",,
31,30,61,1,"31,30,61,1",,
31,30,61,1,"31,30,61,1",,
70,80,150,-10,"70,80,150,-10",,
4,15,19,-11,"4,15,19,-11",,
1,3,4,-2,"1,3,4,-2",,
11,11,22,0,"11,11,22,0",,
53,59,112,-6,"53,59,112,-6",,
2,2,4,0,"2,2,4,0",,
11,10,21,1,"11,10,21,1",,
11,14,25,-3,"11,14,25,-3",,
19,58,77,-39,"19,58,77,-39",,
25,42,67,-17,"25,42,67,-17",,
1,3,4,-2,"1,3,4,-2",,
15,32,47,-17,"15,32,47,-17",,
41,101,142,-60,"41,101,142,-60",,
15,22,37,-7,"15,22,37,-7",,
75,90,165,-15,"75,90,165,-15",,
3,4,7,-1,"3,4,7,-1",,
2,1,3,1,"2,1,3,1",,
0,1,1,-1,"0,1,1,-1",,
2,1,3,1,"2,1,3,1",,
1,3,4,-2,"1,3,4,-2",,
48,9,57,39,"48,9,57,39",,
1,0,1,1,"1,0,1,1",,
72,55,127,17,"72,55,127,17",,
13,0,13,13,"13,0,13,13",,
7,2,9,5,"7,2,9,5",,
43,0,43,43,"43,0,43,43",,
12,46,58,-34,"12,46,58,-34",,
61,0,61,61,"61,0,61,61",,
1,1,2,0,"1,1,2,0",,
3,1,4,2,"3,1,4,2",,
10,0,10,10,"10,0,10,10",,
28,12,40,16,"28,12,40,16",,
14,2,16,12,"14,2,16,12",,
61,3,64,58,"61,3,64,58",,
29,0,29,29,"29,0,29,29",,
7,0,7,7,"7,0,7,7",,
25,0,25,25,"25,0,25,25",,
6,2,8,4,"6,2,8,4",,
16,0,16,16,"16,0,16,16",,
1,0,1,1,"1,0,1,1",,
205,0,205,205,"205,0,205,205",,
2,0,2,2,"2,0,2,2",,
15,12,27,3,"15,12,27,3",,
7,18,25,-11,"7,18,25,-11",,
3,3,6,0,"3,3,6,0",,
3,3,6,0,"3,3,6,0",,
77,0,77,77,"77,0,77,77",,
8,28,36,-20,"8,28,36,-20",,
8,25,33,-17,"8,25,33,-17",,
45,0,45,45,"45,0,45,45",,
11,6,17,5,"11,6,17,5",,
4,3,7,1,"4,3,7,1",,
7,2,9,5,"7,2,9,5",,
5,10,15,-5,"5,10,15,-5",,
10,11,21,-1,"10,11,21,-1",,
7,8,15,-1,"7,8,15,-1",,
13,16,29,-3,"13,16,29,-3",,
10,11,21,-1,"10,11,21,-1",,
2,2,4,0,"2,2,4,0",,
3,3,6,0,"3,3,6,0",,
4,5,9,-1,"4,5,9,-1",,
4,5,9,-1,"4,5,9,-1",,
10,9,19,1,"10,9,19,1",,
18,14,32,4,"18,14,32,4",,
18,23,41,-5,"18,23,41,-5",,
11,8,19,3,"11,8,19,3",,
13,12,25,1,"13,12,25,1",,
2,5,7,-3,"2,5,7,-3",,
10,6,16,4,"10,6,16,4",,
3,3,6,0,"3,3,6,0",,
19,13,32,6,"19,13,32,6",,
3,4,7,-1,"3,4,7,-1",,
4,4,8,0,"4,4,8,0",,
3,3,6,0,"3,3,6,0",,
24,19,43,5,"24,19,43,5",,
43,35,78,8,"43,35,78,8",,
15,9,24,6,"15,9,24,6",,
65,71,136,-6,"65,71,136,-6",,
3,3,6,0,"3,3,6,0",,
31,26,57,5,"31,26,57,5",,
8,8,16,0,"8,8,16,0",,
10,9,19,1,"10,9,19,1",,
11,10,21,1,"11,10,21,1",,
2,2,4,0,"2,2,4,0",,
11,10,21,1,"11,10,21,1",,
8,8,16,0,"8,8,16,0",,
18,18,36,0,"18,18,36,0",,
1,1,2,0,"1,1,2,0",,
40,32,72,8,"40,32,72,8",,
11,9,20,2,"11,9,20,2",,
3,3,6,0,"3,3,6,0",,
26,13,39,13,"26,13,39,13",,
3,3,6,0,"3,3,6,0",,
10,9,19,1,"10,9,19,1",,
26,14,40,12,"26,14,40,12",,
62,68,130,-6,"62,68,130,-6",,
12,12,24,0,"12,12,24,0",,
34,26,60,8,"34,26,60,8",,
2,1,3,1,"2,1,3,1",,
3,0,3,3,"3,0,3,3",,
11,0,11,11,"11,0,11,11",,
63,52,115,11,"63,52,115,11",,
6,0,6,6,"6,0,6,6",,
13,0,13,13,"13,0,13,13",,
7,3,10,4,"7,3,10,4",,
22,1,23,21,"22,1,23,21",,
8,0,8,8,"8,0,8,8",,
12,2,14,10,"12,2,14,10",,
34,28,62,6,"34,28,62,6",,
7,0,7,7,"7,0,7,7",,
18,2,20,16,"18,2,20,16",,
14,18,32,-4,"14,18,32,-4",,
45,0,45,45,"45,0,45,45",,
3,4,7,-1,"3,4,7,-1",,
1,1,2,0,"1,1,2,0",,
12,4,16,8,"12,4,16,8",,
7,0,7,7,"7,0,7,7",,
1,0,1,1,"1,0,1,1",,
0,1,1,-1,"0,1,1,-1",,
0,2,2,-2,"0,2,2,-2",,
1,1,2,0,"1,1,2,0",,
0,2,2,-2,"0,2,2,-2",,
1,1,2,0,"1,1,2,0",,
1,1,2,0,"1,1,2,0",,
0,1,1,-1,"0,1,1,-1",,
1,1,2,0,"1,1,2,0",,
1,1,2,0,"1,1,2,0",,
1,1,2,0,"1,1,2,0",,
1,1,2,0,"1,1,2,0",,
1,1,2,0,"1,1,2,0",,
1,1,2,0,"1,1,2,0",,
1,1,2,0,"1,1,2,0",,
1,1,2,0,"1,1,2,0",,
0,1,1,-1,"0,1,1,-1",,
1,1,2,0,"1,1,2,0",,
1,1,2,0,"1,1,2,0",,
1,1,2,0,"1,1,2,0",,
1,1,2,0,"1,1,2,0",,
1,1,2,0,"1,1,2,0",,
1,1,2,0,"1,1,2,0",,
1,1,2,0,"1,1,2,0",,
0,1,1,-1,"0,1,1,-1",,
1,1,2,0,"1,1,2,0",,
0,1,1,-1,"0,1,1,-1",,
1,1,2,0,"1,1,2,0",,
48,80,128,-32,"48,80,128,-32",,
35,74,109,-39,"35,74,109,-39",,
4,2,6,2,"4,2,6,2",,
4,0,4,4,"4,0,4,4",,
28,4,32,24,"28,4,32,24",,
5,0,5,5,"5,0,5,5",,
13,1,14,12,"13,1,14,12",,
7,4,11,3,"7,4,11,3",,
7,2,9,5,"7,2,9,5",,
18,2,20,16,"18,2,20,16",,
171,0,171,171,"171,0,171,171",,
1,0,1,1,"1,0,1,1",,
2,0,2,2,"2,0,2,2",,
1,1,2,0,"1,1,2,0",,
2,0,2,2,"2,0,2,2",,
1,1,2,0,"1,1,2,0",,
8,11,19,-3,"8,11,19,-3",,
1,0,1,1,"1,0,1,1",,
18,33,51,-15,"18,33,51,-15",,
23,39,62,-16,"23,39,62,-16",,
1,1,2,0,"1,1,2,0",,
1,1,2,0,"1,1,2,0",,
13,11,24,2,"13,11,24,2",,
12,17,29,-5,"12,17,29,-5",,
3,5,8,-2,"3,5,8,-2",,
1,1,2,0,"1,1,2,0",,
1,0,1,1,"1,0,1,1",,
20,33,53,-13,"20,33,53,-13",,
11,13,24,-2,"11,13,24,-2",,
9,11,20,-2,"9,11,20,-2",,
60,72,132,-12,"60,72,132,-12",,
5,9,14,-4,"5,9,14,-4",,
18,19,37,-1,"18,19,37,-1",,
28,32,60,-4,"28,32,60,-4",,
1,0,1,1,"1,0,1,1",,
1,1,2,0,"1,1,2,0",,
1,0,1,1,"1,0,1,1",,
1,1,2,0,"1,1,2,0",,
8,0,8,8,"8,0,8,8",,
18,0,18,18,"18,0,18,18",,
10,0,10,10,"10,0,10,10",,
4,0,4,4,"4,0,4,4",,
105,97,202,8,"105,97,202,8",,
74,56,130,18,"74,56,130,18",,
59,23,82,36,"59,23,82,36",,
23,3,26,20,"23,3,26,20",,
3,1,4,2,"3,1,4,2",,
8,3,11,5,"8,3,11,5",,
0,1,1,-1,"0,1,1,-1",,
17,2,19,15,"17,2,19,15",,
24,61,85,-37,"24,61,85,-37",,
102,0,102,102,"102,0,102,102",,
93,0,93,93,"93,0,93,93",,
2,1,3,1,"2,1,3,1",,
1,1,2,0,"1,1,2,0",,
2,2,4,0,"2,2,4,0",,
1,1,2,0,"1,1,2,0",,
1,1,2,0,"1,1,2,0",,
9,3,12,6,"9,3,12,6",,
37,4,41,33,"37,4,41,33",,
1,0,1,1,"1,0,1,1",,
2,1,3,1,"2,1,3,1",,
3,5,8,-2,"3,5,8,-2",,
7,1,8,6,"7,1,8,6",,
1,1,2,0,"1,1,2,0",,
2,2,4,0,"2,2,4,0",,
1,1,2,0,"1,1,2,0",,
12,0,12,12,"12,0,12,12",,
1,1,2,0,"1,1,2,0",,
12,0,12,12,"12,0,12,12",,
2,0,2,2,"2,0,2,2",,
71,29,100,42,"71,29,100,42",,
58,0,58,58,"58,0,58,58",,
57,0,57,57,"57,0,57,57",,
10,0,10,10,"10,0,10,10",,
28,0,28,28,"28,0,28,28",,
28,0,28,28,"28,0,28,28",,
4,0,4,4,"4,0,4,4",,
2,1,3,1,"2,1,3,1",,
4,0,4,4,"4,0,4,4",,
4,0,4,4,"4,0,4,4",,
4,0,4,4,"4,0,4,4",,
5,2,7,3,"5,2,7,3",,
1,1,2,0,"1,1,2,0",,
4,0,4,4,"4,0,4,4",,
12,0,12,12,"12,0,12,12",,
6,0,6,6,"6,0,6,6",,
15,1,16,14,"15,1,16,14",,
4,2,6,2,"4,2,6,2",,
31,12,43,19,"31,12,43,19",,
13,2,15,11,"13,2,15,11",,
188,0,188,188,"188,0,188,188",,
10,3,13,7,"10,3,13,7",,
13,9,22,4,"13,9,22,4",,
1,1,2,0,"1,1,2,0",,
50,29,79,21,"50,29,79,21",,
5,0,5,5,"5,0,5,5",,
3,0,3,3,"3,0,3,3",,
5,0,5,5,"5,0,5,5",,
5,0,5,5,"5,0,5,5",,
21,9,30,12,"21,9,30,12",,
24,4,28,20,"24,4,28,20",,
4,2,6,2,"4,2,6,2",,
2,1,3,1,"2,1,3,1",,
3,2,5,1,"3,2,5,1",,
30,4,34,26,"30,4,34,26",,
1,0,1,1,"1,0,1,1",,
6,1,7,5,"6,1,7,5",,
9,0,9,9,"9,0,9,9",,
5,5,10,0,"5,5,10,0",,
5,5,10,0,"5,5,10,0",,
11,11,22,0,"11,11,22,0",,
27,0,27,27,"27,0,27,27",,
25,0,25,25,"25,0,25,25",,
32,0,32,32,"32,0,32,32",,
0,69,69,-69,"0,69,69,-69",,
1,0,1,1,"1,0,1,1",,
3,0,3,3,"3,0,3,3",,
11,1,12,10,"11,1,12,10",,
4,2,6,2,"4,2,6,2",,
7,2,9,5,"7,2,9,5",,
3,1,4,2,"3,1,4,2",,
10,1,11,9,"10,1,11,9",,
144,0,144,144,"144,0,144,144",,
25,0,25,25,"25,0,25,25",,
33,0,33,33,"33,0,33,33",,
21,0,21,21,"21,0,21,21",,
3,1,4,2,"3,1,4,2",,
6,3,9,3,"6,3,9,3",,
3,1,4,2,"3,1,4,2",,
15,15,30,0,"15,15,30,0",,
3,3,6,0,"3,3,6,0",,
1,1,2,0,"1,1,2,0",,
6,0,6,6,"6,0,6,6",,
4,0,4,4,"4,0,4,4",,
13,1,14,12,"13,1,14,12",,
6,2,8,4,"6,2,8,4",,
8,3,11,5,"8,3,11,5",,
8,3,11,5,"8,3,11,5",,
45,0,45,45,"45,0,45,45",,
16,0,16,16,"16,0,16,16",,
6,3,9,3,"6,3,9,3",,
10,2,12,8,"10,2,12,8",,
8,2,10,6,"8,2,10,6",,
19,0,19,19,"19,0,19,19",,
16,0,16,16,"16,0,16,16",,
7,2,9,5,"7,2,9,5",,
4,1,5,3,"4,1,5,3",,
19,0,19,19,"19,0,19,19",,
52,10,62,42,"52,10,62,42",,
28,17,45,11,"28,17,45,11",,
50,0,50,50,"50,0,50,50",,
63,0,63,63,"63,0,63,63",,
4,0,4,4,"4,0,4,4",,
1,0,1,1,"1,0,1,1",,
1,0,1,1,"1,0,1,1",,
44,0,44,44,"44,0,44,44",,
6,0,6,6,"6,0,6,6",,
1,1,2,0,"1,1,2,0",,
17,1,18,16,"17,1,18,16",,
12,8,20,4,"12,8,20,4",,
12,0,12,12,"12,0,12,12",,
6,0,6,6,"6,0,6,6",,
71,0,71,71,"71,0,71,71",,
4,0,4,4,"4,0,4,4",,
34,65,99,-31,"34,65,99,-31",,
2,1,3,1,"2,1,3,1",,
11,0,11,11,"11,0,11,11",,
4,0,4,4,"4,0,4,4",,
4,0,4,4,"4,0,4,4",,
2,1,3,1,"2,1,3,1",,
5,4,9,1,"5,4,9,1",,
51,17,68,34,"51,17,68,34",,
3,2,5,1,"3,2,5,1",,
9,7,16,2,"9,7,16,2",,
4,6,10,-2,"4,6,10,-2",,
4,2,6,2,"4,2,6,2",,
48,107,155,-59,"48,107,155,-59",,
1,1,2,0,"1,1,2,0",,
1,2,3,-1,"1,2,3,-1",,
0,153,153,-153,"0,153,153,-153",,
147,0,147,147,"147,0,147,147",,
2,4,6,-2,"2,4,6,-2",,
1,2,3,-1,"1,2,3,-1",,
1,1,2,0,"1,1,2,0",,
1,1,2,0,"1,1,2,0",,
1,2,3,-1,"1,2,3,-1",,
1,2,3,-1,"1,2,3,-1",,
1,2,3,-1,"1,2,3,-1",,
8,10,18,-2,"8,10,18,-2",,
2,3,5,-1,"2,3,5,-1",,
1,2,3,-1,"1,2,3,-1",,
2,4,6,-2,"2,4,6,-2",,
2,3,5,-1,"2,3,5,-1",,
1,2,3,-1,"1,2,3,-1",,
0,380,380,-380,"0,380,380,-380",,
315,0,315,315,"315,0,315,315",,
3,2,5,1,"3,2,5,1",,
2,1,3,1,"2,1,3,1",,
23,15,38,8,"23,15,38,8",,
4,2,6,2,"4,2,6,2",,
15,8,23,7,"15,8,23,7",,
1,2,3,-1,"1,2,3,-1",,
1,1,2,0,"1,1,2,0",,
1,1,2,0,"1,1,2,0",,
1,1,2,0,"1,1,2,0",,
2,1,3,1,"2,1,3,1",,
1,0,1,1,"1,0,1,1",,
2,1,3,1,"2,1,3,1",,
2,1,3,1,"2,1,3,1",,
3,2,5,1,"3,2,5,1",,
8,1,9,7,"8,1,9,7",,
6,2,8,4,"6,2,8,4",,
9,0,9,9,"9,0,9,9",,
7,0,7,7,"7,0,7,7",,
6,1,7,5,"6,1,7,5",,
1,1,2,0,"1,1,2,0",,
6,2,8,4,"6,2,8,4",,
57,0,57,57,"57,0,57,57",,
21,7,28,14,"21,7,28,14",,
27,5,32,22,"27,5,32,22",,
5,17,22,-12,"5,17,22,-12",,
45,0,45,45,"45,0,45,45",,
10,2,12,8,"10,2,12,8",,
3,1,4,2,"3,1,4,2",,
4,0,4,4,"4,0,4,4",,
33,0,33,33,"33,0,33,33",,
85,0,85,85,"85,0,85,85",,
35,0,35,35,"35,0,35,35",,
4,0,4,4,"4,0,4,4",,
3,0,3,3,"3,0,3,3",,
2,0,2,2,"2,0,2,2",,
1,14,15,-13,"1,14,15,-13",,
2,0,2,2,"2,0,2,2",,
2,2,4,0,"2,2,4,0",,
12,1,13,11,"12,1,13,11",,
14,0,14,14,"14,0,14,14",,
2,1,3,1,"2,1,3,1",,
14,12,26,2,"14,12,26,2",,
1,0,1,1,"1,0,1,1",,
1,1,2,0,"1,1,2,0",,
4,0,4,4,"4,0,4,4",,
14,0,14,14,"14,0,14,14",,
9,5,14,4,"9,5,14,4",,
53,11,64,42,"53,11,64,42",,
4,2,6,2,"4,2,6,2",,
1,0,1,1,"1,0,1,1",,
47,0,47,47,"47,0,47,47",,
3,0,3,3,"3,0,3,3",,
48,0,48,48,"48,0,48,48",,
16,0,16,16,"16,0,16,16",,
2,2,4,0,"2,2,4,0",,
11,0,11,11,"11,0,11,11",,
88,82,170,6,"88,82,170,6",,
34,0,34,34,"34,0,34,34",,
6,6,12,0,"6,6,12,0",,
6,0,6,6,"6,0,6,6",,
4,0,4,4,"4,0,4,4",,
48,0,48,48,"48,0,48,48",,
75,0,75,75,"75,0,75,75",,
77,0,77,77,"77,0,77,77",,
4,0,4,4,"4,0,4,4",,
2,0,2,2,"2,0,2,2",,
2,0,2,2,"2,0,2,2",,
1,1,2,0,"1,1,2,0",,
2,1,3,1,"2,1,3,1",,
2,78,80,-76,"2,78,80,-76",,
96,0,96,96,"96,0,96,96",,
3,0,3,3,"3,0,3,3",,
4,3,7,1,"4,3,7,1",,
39,0,39,39,"39,0,39,39",,
3,3,6,0,"3,3,6,0",,
9,0,9,9,"9,0,9,9",,
6,0,6,6,"6,0,6,6",,
68,0,68,68,"68,0,68,68",,
25,0,25,25,"25,0,25,25",,
11,0,11,11,"11,0,11,11",,
5,0,5,5,"5,0,5,5",,
1,0,1,1,"1,0,1,1",,
36,0,36,36,"36,0,36,36",,
6,0,6,6,"6,0,6,6",,
5,0,5,5,"5,0,5,5",,
232,0,232,232,"232,0,232,232",,
101,0,101,101,"101,0,101,101",,
362,0,362,362,"362,0,362,362",,
108,0,108,108,"108,0,108,108",,
4,0,4,4,"4,0,4,4",,
9,0,9,9,"9,0,9,9",,
7,0,7,7,"7,0,7,7",,
1,1,2,0,"1,1,2,0",,
2,2,4,0,"2,2,4,0",,
5,0,5,5,"5,0,5,5",,
5,0,5,5,"5,0,5,5",,
13,0,13,13,"13,0,13,13",,
1,1,2,0,"1,1,2,0",,
1,1,2,0,"1,1,2,0",,
100,67,167,33,"100,67,167,33",,
2,0,2,2,"2,0,2,2",,
2,0,2,2,"2,0,2,2",,
2,0,2,2,"2,0,2,2",,
2,0,2,2,"2,0,2,2",,
2,0,2,2,"2,0,2,2",,
2,0,2,2,"2,0,2,2",,
2,0,2,2,"2,0,2,2",,
2,0,2,2,"2,0,2,2",,
2,0,2,2,"2,0,2,2",,
2,0,2,2,"2,0,2,2",,
2,0,2,2,"2,0,2,2",,
2,0,2,2,"2,0,2,2",,
2,0,2,2,"2,0,2,2",,
2,0,2,2,"2,0,2,2",,
2,0,2,2,"2,0,2,2",,
2,0,2,2,"2,0,2,2",,
2,0,2,2,"2,0,2,2",,
2,0,2,2,"2,0,2,2",,
2,0,2,2,"2,0,2,2",,
2,0,2,2,"2,0,2,2",,
2,0,2,2,"2,0,2,2",,
2,0,2,2,"2,0,2,2",,
2,0,2,2,"2,0,2,2",,
2,0,2,2,"2,0,2,2",,
2,0,2,2,"2,0,2,2",,
2,0,2,2,"2,0,2,2",,
2,0,2,2,"2,0,2,2",,
2,0,2,2,"2,0,2,2",,
2,0,2,2,"2,0,2,2",,
2,0,2,2,"2,0,2,2",,
2,0,2,2,"2,0,2,2",,
2,0,2,2,"2,0,2,2",,
2,0,2,2,"2,0,2,2",,
2,0,2,2,"2,0,2,2",,
2,0,2,2,"2,0,2,2",,
2,0,2,2,"2,0,2,2",,
2,0,2,2,"2,0,2,2",,
2,0,2,2,"2,0,2,2",,
2,0,2,2,"2,0,2,2",,
2,0,2,2,"2,0,2,2",,
2,0,2,2,"2,0,2,2",,
2,0,2,2,"2,0,2,2",,
2,0,2,2,"2,0,2,2",,
2,0,2,2,"2,0,2,2",,
2,0,2,2,"2,0,2,2",,
2,0,2,2,"2,0,2,2",,
2,0,2,2,"2,0,2,2",,
2,0,2,2,"2,0,2,2",,
2,0,2,2,"2,0,2,2",,
2,0,2,2,"2,0,2,2",,
2,0,2,2,"2,0,2,2",,
2,0,2,2,"2,0,2,2",,
2,0,2,2,"2,0,2,2",,
2,0,2,2,"2,0,2,2",,
2,0,2,2,"2,0,2,2",,
2,0,2,2,"2,0,2,2",,
2,0,2,2,"2,0,2,2",,
2,0,2,2,"2,0,2,2",,
2,0,2,2,"2,0,2,2",,
2,0,2,2,"2,0,2,2",,
2,0,2,2,"2,0,2,2",,
2,0,2,2,"2,0,2,2",,
2,0,2,2,"2,0,2,2",,
2,0,2,2,"2,0,2,2",,
2,0,2,2,"2,0,2,2",,
2,0,2,2,"2,0,2,2",,
2,0,2,2,"2,0,2,2",,
2,0,2,2,"2,0,2,2",,
2,0,2,2,"2,0,2,2",,
2,0,2,2,"2,0,2,2",,
2,0,2,2,"2,0,2,2",,
2,0,2,2,"2,0,2,2",,
2,0,2,2,"2,0,2,2",,
2,0,2,2,"2,0,2,2",,
2,0,2,2,"2,0,2,2",,
2,0,2,2,"2,0,2,2",,
2,0,2,2,"2,0,2,2",,
2,0,2,2,"2,0,2,2",,
2,0,2,2,"2,0,2,2",,
2,0,2,2,"2,0,2,2",,
2,0,2,2,"2,0,2,2",,
2,0,2,2,"2,0,2,2",,
2,0,2,2,"2,0,2,2",,
2,0,2,2,"2,0,2,2",,
2,0,2,2,"2,0,2,2",,
2,0,2,2,"2,0,2,2",,
2,0,2,2,"2,0,2,2",,
2,0,2,2,"2,0,2,2",,
2,0,2,2,"2,0,2,2",,
2,0,2,2,"2,0,2,2",,
2,0,2,2,"2,0,2,2",,
2,0,2,2,"2,0,2,2",,
2,0,2,2,"2,0,2,2",,
2,0,2,2,"2,0,2,2",,
2,0,2,2,"2,0,2,2",,
2,0,2,2,"2,0,2,2",,
2,0,2,2,"2,0,2,2",,
2,0,2,2,"2,0,2,2",,
2,0,2,2,"2,0,2,2",,
2,0,2,2,"2,0,2,2",,
2,0,2,2,"2,0,2,2",,
2,0,2,2,"2,0,2,2",,
2,0,2,2,"2,0,2,2",,
2,0,2,2,"2,0,2,2",,
2,0,2,2,"2,0,2,2",,
2,0,2,2,"2,0,2,2",,
2,0,2,2,"2,0,2,2",,
2,0,2,2,"2,0,2,2",,
2,0,2,2,"2,0,2,2",,
2,0,2,2,"2,0,2,2",,
2,0,2,2,"2,0,2,2",,
2,0,2,2,"2,0,2,2",,
2,0,2,2,"2,0,2,2",,
2,0,2,2,"2,0,2,2",,
2,0,2,2,"2,0,2,2",,
2,0,2,2,"2,0,2,2",,
2,0,2,2,"2,0,2,2",,
2,0,2,2,"2,0,2,2",,
2,0,2,2,"2,0,2,2",,
2,0,2,2,"2,0,2,2",,
2,0,2,2,"2,0,2,2",,
2,0,2,2,"2,0,2,2",,
2,0,2,2,"2,0,2,2",,
2,0,2,2,"2,0,2,2",,
2,0,2,2,"2,0,2,2",,
2,0,2,2,"2,0,2,2",,
2,0,2,2,"2,0,2,2",,
2,0,2,2,"2,0,2,2",,
2,0,2,2,"2,0,2,2",,
2,0,2,2,"2,0,2,2",,
2,0,2,2,"2,0,2,2",,
2,0,2,2,"2,0,2,2",,
2,0,2,2,"2,0,2,2",,
2,0,2,2,"2,0,2,2",,
2,0,2,2,"2,0,2,2",,
2,0,2,2,"2,0,2,2",,
2,0,2,2,"2,0,2,2",,
2,0,2,2,"2,0,2,2",,
2,0,2,2,"2,0,2,2",,
2,0,2,2,"2,0,2,2",,
2,0,2,2,"2,0,2,2",,
2,0,2,2,"2,0,2,2",,
2,0,2,2,"2,0,2,2",,
2,0,2,2,"2,0,2,2",,
2,0,2,2,"2,0,2,2",,
2,0,2,2,"2,0,2,2",,
2,0,2,2,"2,0,2,2",,
55,4,59,51,"55,4,59,51",,
2,0,2,2,"2,0,2,2",,
2,0,2,2,"2,0,2,2",,
2,0,2,2,"2,0,2,2",,
2,0,2,2,"2,0,2,2",,
2,0,2,2,"2,0,2,2",,
2,0,2,2,"2,0,2,2",,
2,0,2,2,"2,0,2,2",,
2,0,2,2,"2,0,2,2",,
2,0,2,2,"2,0,2,2",,
2,0,2,2,"2,0,2,2",,
2,0,2,2,"2,0,2,2",,
2,0,2,2,"2,0,2,2",,
2,0,2,2,"2,0,2,2",,
2,0,2,2,"2,0,2,2",,
2,0,2,2,"2,0,2,2",,
2,0,2,2,"2,0,2,2",,
2,0,2,2,"2,0,2,2",,
2,0,2,2,"2,0,2,2",,
2,0,2,2,"2,0,2,2",,
2,0,2,2,"2,0,2,2",,
2,0,2,2,"2,0,2,2",,
2,0,2,2,"2,0,2,2",,
2,0,2,2,"2,0,2,2",,
2,0,2,2,"2,0,2,2",,
2,0,2,2,"2,0,2,2",,
2,0,2,2,"2,0,2,2",,
2,0,2,2,"2,0,2,2",,
2,0,2,2,"2,0,2,2",,
2,0,2,2,"2,0,2,2",,
2,0,2,2,"2,0,2,2",,
2,0,2,2,"2,0,2,2",,
2,0,2,2,"2,0,2,2",,
2,0,2,2,"2,0,2,2",,
2,0,2,2,"2,0,2,2",,
2,0,2,2,"2,0,2,2",,
2,0,2,2,"2,0,2,2",,
2,0,2,2,"2,0,2,2",,
2,0,2,2,"2,0,2,2",,
2,0,2,2,"2,0,2,2",,
2,0,2,2,"2,0,2,2",,
2,0,2,2,"2,0,2,2",,
2,0,2,2,"2,0,2,2",,
2,0,2,2,"2,0,2,2",,
2,0,2,2,"2,0,2,2",,
2,0,2,2,"2,0,2,2",,
2,0,2,2,"2,0,2,2",,
2,0,2,2,"2,0,2,2",,
2,0,2,2,"2,0,2,2",,
2,0,2,2,"2,0,2,2",,
2,0,2,2,"2,0,2,2",,
2,0,2,2,"2,0,2,2",,
2,0,2,2,"2,0,2,2",,
2,0,2,2,"2,0,2,2",,
2,0,2,2,"2,0,2,2",,
2,0,2,2,"2,0,2,2",,
2,0,2,2,"2,0,2,2",,
2,0,2,2,"2,0,2,2",,
2,0,2,2,"2,0,2,2",,
2,0,2,2,"2,0,2,2",,
2,0,2,2,"2,0,2,2",,
2,0,2,2,"2,0,2,2",,
2,0,2,2,"2,0,2,2",,
2,0,2,2,"2,0,2,2",,
2,0,2,2,"2,0,2,2",,
2,0,2,2,"2,0,2,2",,
2,0,2,2,"2,0,2,2",,
2,0,2,2,"2,0,2,2",,
52,0,52,52,"52,0,52,52",,
2,0,2,2,"2,0,2,2",,
2,0,2,2,"2,0,2,2",,
2,0,2,2,"2,0,2,2",,
2,0,2,2,"2,0,2,2",,
2,0,2,2,"2,0,2,2",,
2,0,2,2,"2,0,2,2",,
2,0,2,2,"2,0,2,2",,
2,0,2,2,"2,0,2,2",,
2,0,2,2,"2,0,2,2",,
2,0,2,2,"2,0,2,2",,
2,0,2,2,"2,0,2,2",,
2,0,2,2,"2,0,2,2",,
2,0,2,2,"2,0,2,2",,
2,0,2,2,"2,0,2,2",,
2,0,2,2,"2,0,2,2",,
2,0,2,2,"2,0,2,2",,
2,0,2,2,"2,0,2,2",,
2,0,2,2,"2,0,2,2",,
2,0,2,2,"2,0,2,2",,
2,0,2,2,"2,0,2,2",,
2,0,2,2,"2,0,2,2",,
2,0,2,2,"2,0,2,2",,
2,0,2,2,"2,0,2,2",,
2,0,2,2,"2,0,2,2",,
2,0,2,2,"2,0,2,2",,
2,0,2,2,"2,0,2,2",,
2,0,2,2,"2,0,2,2",,
2,0,2,2,"2,0,2,2",,
2,0,2,2,"2,0,2,2",,
2,0,2,2,"2,0,2,2",,
2,0,2,2,"2,0,2,2",,
2,0,2,2,"2,0,2,2",,
2,0,2,2,"2,0,2,2",,
2,0,2,2,"2,0,2,2",,
2,0,2,2,"2,0,2,2",,
2,0,2,2,"2,0,2,2",,
2,0,2,2,"2,0,2,2",,
2,0,2,2,"2,0,2,2",,
2,0,2,2,"2,0,2,2",,
2,0,2,2,"2,0,2,2",,
2,0,2,2,"2,0,2,2",,
2,0,2,2,"2,0,2,2",,
2,0,2,2,"2,0,2,2",,
2,0,2,2,"2,0,2,2",,
2,0,2,2,"2,0,2,2",,
2,0,2,2,"2,0,2,2",,
2,0,2,2,"2,0,2,2",,
2,0,2,2,"2,0,2,2",,
2,0,2,2,"2,0,2,2",,
2,0,2,2,"2,0,2,2",,
2,0,2,2,"2,0,2,2",,
2,0,2,2,"2,0,2,2",,
2,0,2,2,"2,0,2,2",,
2,0,2,2,"2,0,2,2",,
2,0,2,2,"2,0,2,2",,
2,0,2,2,"2,0,2,2",,
2,0,2,2,"2,0,2,2",,
2,0,2,2,"2,0,2,2",,
2,0,2,2,"2,0,2,2",,
2,0,2,2,"2,0,2,2",,
2,0,2,2,"2,0,2,2",,
2,0,2,2,"2,0,2,2",,
2,0,2,2,"2,0,2,2",,
2,0,2,2,"2,0,2,2",,
2,0,2,2,"2,0,2,2",,
2,0,2,2,"2,0,2,2",,
2,0,2,2,"2,0,2,2",,
2,0,2,2,"2,0,2,2",,
2,0,2,2,"2,0,2,2",,
2,0,2,2,"2,0,2,2",,
2,0,2,2,"2,0,2,2",,
2,0,2,2,"2,0,2,2",,
2,0,2,2,"2,0,2,2",,
2,0,2,2,"2,0,2,2",,
2,0,2,2,"2,0,2,2",,
2,0,2,2,"2,0,2,2",,
2,0,2,2,"2,0,2,2",,
2,0,2,2,"2,0,2,2",,
2,0,2,2,"2,0,2,2",,
2,0,2,2,"2,0,2,2",,
2,0,2,2,"2,0,2,2",,
2,0,2,2,"2,0,2,2",,
2,0,2,2,"2,0,2,2",,
2,0,2,2,"2,0,2,2",,
2,0,2,2,"2,0,2,2",,
2,0,2,2,"2,0,2,2",,
2,0,2,2,"2,0,2,2",,
2,0,2,2,"2,0,2,2",,
2,0,2,2,"2,0,2,2",,
2,0,2,2,"2,0,2,2",,
2,0,2,2,"2,0,2,2",,
2,0,2,2,"2,0,2,2",,
2,0,2,2,"2,0,2,2",,
2,0,2,2,"2,0,2,2",,
2,0,2,2,"2,0,2,2",,
2,0,2,2,"2,0,2,2",,
2,0,2,2,"2,0,2,2",,
2,0,2,2,"2,0,2,2",,
2,0,2,2,"2,0,2,2",,
2,0,2,2,"2,0,2,2",,
2,0,2,2,"2,0,2,2",,
2,0,2,2,"2,0,2,2",,
2,0,2,2,"2,0,2,2",,
2,0,2,2,"2,0,2,2",,
2,0,2,2,"2,0,2,2",,
2,0,2,2,"2,0,2,2",,
2,0,2,2,"2,0,2,2",,
2,0,2,2,"2,0,2,2",,
2,0,2,2,"2,0,2,2",,
2,0,2,2,"2,0,2,2",,
2,0,2,2,"2,0,2,2",,
2,0,2,2,"2,0,2,2",,
2,0,2,2,"2,0,2,2",,
2,0,2,2,"2,0,2,2",,
2,0,2,2,"2,0,2,2",,
2,0,2,2,"2,0,2,2",,
2,0,2,2,"2,0,2,2",,
2,0,2,2,"2,0,2,2",,
2,0,2,2,"2,0,2,2",,
2,0,2,2,"2,0,2,2",,
2,0,2,2,"2,0,2,2",,
2,0,2,2,"2,0,2,2",,
2,0,2,2,"2,0,2,2",,
2,0,2,2,"2,0,2,2",,
2,0,2,2,"2,0,2,2",,
2,0,2,2,"2,0,2,2",,
2,0,2,2,"2,0,2,2",,
2,0,2,2,"2,0,2,2",,
2,0,2,2,"2,0,2,2",,
2,0,2,2,"2,0,2,2",,
2,0,2,2,"2,0,2,2",,
2,0,2,2,"2,0,2,2",,
2,0,2,2,"2,0,2,2",,
2,0,2,2,"2,0,2,2",,
2,0,2,2,"2,0,2,2",,
2,0,2,2,"2,0,2,2",,
2,0,2,2,"2,0,2,2",,
2,0,2,2,"2,0,2,2",,
2,0,2,2,"2,0,2,2",,
2,0,2,2,"2,0,2,2",,
2,0,2,2,"2,0,2,2",,
2,0,2,2,"2,0,2,2",,
2,0,2,2,"2,0,2,2",,
2,0,2,2,"2,0,2,2",,
2,0,2,2,"2,0,2,2",,
2,0,2,2,"2,0,2,2",,
2,0,2,2,"2,0,2,2",,
2,0,2,2,"2,0,2,2",,
2,0,2,2,"2,0,2,2",,
2,0,2,2,"2,0,2,2",,
2,0,2,2,"2,0,2,2",,
2,0,2,2,"2,0,2,2",,
2,0,2,2,"2,0,2,2",,
2,0,2,2,"2,0,2,2",,
2,0,2,2,"2,0,2,2",,
2,0,2,2,"2,0,2,2",,
2,0,2,2,"2,0,2,2",,
2,0,2,2,"2,0,2,2",,
2,0,2,2,"2,0,2,2",,
2,0,2,2,"2,0,2,2",,
2,0,2,2,"2,0,2,2",,
2,0,2,2,"2,0,2,2",,
2,0,2,2,"2,0,2,2",,
2,0,2,2,"2,0,2,2",,
2,0,2,2,"2,0,2,2",,
2,0,2,2,"2,0,2,2",,
2,0,2,2,"2,0,2,2",,
2,0,2,2,"2,0,2,2",,
2,0,2,2,"2,0,2,2",,
2,0,2,2,"2,0,2,2",,
2,0,2,2,"2,0,2,2",,
2,0,2,2,"2,0,2,2",,
2,0,2,2,"2,0,2,2",,
2,0,2,2,"2,0,2,2",,
2,0,2,2,"2,0,2,2",,
2,0,2,2,"2,0,2,2",,
2,0,2,2,"2,0,2,2",,
2,0,2,2,"2,0,2,2",,
2,0,2,2,"2,0,2,2",,
2,0,2,2,"2,0,2,2",,
2,0,2,2,"2,0,2,2",,
2,0,2,2,"2,0,2,2",,
2,0,2,2,"2,0,2,2",,
2,0,2,2,"2,0,2,2",,
2,0,2,2,"2,0,2,2",,
2,0,2,2,"2,0,2,2",,
2,0,2,2,"2,0,2,2",,
2,0,2,2,"2,0,2,2",,
2,0,2,2,"2,0,2,2",,
2,0,2,2,"2,0,2,2",,
2,0,2,2,"2,0,2,2",,
2,0,2,2,"2,0,2,2",,
2,0,2,2,"2,0,2,2",,
2,0,2,2,"2,0,2,2",,
2,0,2,2,"2,0,2,2",,
2,0,2,2,"2,0,2,2",,
2,0,2,2,"2,0,2,2",,
2,0,2,2,"2,0,2,2",,
2,0,2,2,"2,0,2,2",,
2,0,2,2,"2,0,2,2",,
2,0,2,2,"2,0,2,2",,
2,0,2,2,"2,0,2,2",,
2,0,2,2,"2,0,2,2",,
2,0,2,2,"2,0,2,2",,
2,0,2,2,"2,0,2,2",,
2,0,2,2,"2,0,2,2",,
2,0,2,2,"2,0,2,2",,
2,0,2,2,"2,0,2,2",,
2,0,2,2,"2,0,2,2",,
2,0,2,2,"2,0,2,2",,
2,0,2,2,"2,0,2,2",,
2,0,2,2,"2,0,2,2",,
2,0,2,2,"2,0,2,2",,
2,0,2,2,"2,0,2,2",,
2,0,2,2,"2,0,2,2",,
2,0,2,2,"2,0,2,2",,
2,0,2,2,"2,0,2,2",,
2,0,2,2,"2,0,2,2",,
2,0,2,2,"2,0,2,2",,
2,0,2,2,"2,0,2,2",,
2,0,2,2,"2,0,2,2",,
2,0,2,2,"2,0,2,2",,
2,0,2,2,"2,0,2,2",,
2,0,2,2,"2,0,2,2",,
2,0,2,2,"2,0,2,2",,
2,0,2,2,"2,0,2,2",,
2,0,2,2,"2,0,2,2",,
2,0,2,2,"2,0,2,2",,
2,0,2,2,"2,0,2,2",,
2,0,2,2,"2,0,2,2",,
2,0,2,2,"2,0,2,2",,
2,0,2,2,"2,0,2,2",,
2,0,2,2,"2,0,2,2",,
2,0,2,2,"2,0,2,2",,
2,0,2,2,"2,0,2,2",,
2,0,2,2,"2,0,2,2",,
2,0,2,2,"2,0,2,2",,
2,0,2,2,"2,0,2,2",,
2,0,2,2,"2,0,2,2",,
2,0,2,2,"2,0,2,2",,
2,0,2,2,"2,0,2,2",,
2,0,2,2,"2,0,2,2",,
2,0,2,2,"2,0,2,2",,
2,0,2,2,"2,0,2,2",,
2,0,2,2,"2,0,2,2",,
2,0,2,2,"2,0,2,2",,
2,0,2,2,"2,0,2,2",,
2,0,2,2,"2,0,2,2",,
2,0,2,2,"2,0,2,2",,
2,0,2,2,"2,0,2,2",,
2,0,2,2,"2,0,2,2",,
2,0,2,2,"2,0,2,2",,
2,0,2,2,"2,0,2,2",,
2,0,2,2,"2,0,2,2",,
2,0,2,2,"2,0,2,2",,
2,0,2,2,"2,0,2,2",,
2,0,2,2,"2,0,2,2",,
2,0,2,2,"2,0,2,2",,
2,0,2,2,"2,0,2,2",,
2,0,2,2,"2,0,2,2",,
2,0,2,2,"2,0,2,2",,
2,0,2,2,"2,0,2,2",,
2,0,2,2,"2,0,2,2",,
2,0,2,2,"2,0,2,2",,
2,0,2,2,"2,0,2,2",,
2,0,2,2,"2,0,2,2",,
2,0,2,2,"2,0,2,2",,
2,0,2,2,"2,0,2,2",,
2,0,2,2,"2,0,2,2",,
2,0,2,2,"2,0,2,2",,
2,0,2,2,"2,0,2,2",,
2,0,2,2,"2,0,2,2",,
2,0,2,2,"2,0,2,2",,
2,0,2,2,"2,0,2,2",,
2,0,2,2,"2,0,2,2",,
2,0,2,2,"2,0,2,2",,
2,0,2,2,"2,0,2,2",,
2,0,2,2,"2,0,2,2",,
2,0,2,2,"2,0,2,2",,
2,0,2,2,"2,0,2,2",,
2,0,2,2,"2,0,2,2",,
2,0,2,2,"2,0,2,2",,
2,0,2,2,"2,0,2,2",,
2,0,2,2,"2,0,2,2",,
2,0,2,2,"2,0,2,2",,
2,0,2,2,"2,0,2,2",,
709,0,709,709,"709,0,709,709",,
1344,0,1344,1344,"1344,0,1344,1344",,
1508,0,1508,1508,"1508,0,1508,1508",,
2128,0,2128,2128,"2128,0,2128,2128",,
1041,0,1041,1041,"1041,0,1041,1041",,
404,0,404,404,"404,0,404,404",,
453,0,453,453,"453,0,453,453",,
2,0,2,2,"2,0,2,2",,
2,0,2,2,"2,0,2,2",,
2,0,2,2,"2,0,2,2",,
2,0,2,2,"2,0,2,2",,
2,0,2,2,"2,0,2,2",,
2,0,2,2,"2,0,2,2",,
2,0,2,2,"2,0,2,2",,
2,0,2,2,"2,0,2,2",,
2,0,2,2,"2,0,2,2",,
2,0,2,2,"2,0,2,2",,
2,0,2,2,"2,0,2,2",,
2,0,2,2,"2,0,2,2",,
2,0,2,2,"2,0,2,2",,
2,0,2,2,"2,0,2,2",,
2,0,2,2,"2,0,2,2",,
2,0,2,2,"2,0,2,2",,
2,0,2,2,"2,0,2,2",,
2,0,2,2,"2,0,2,2",,
2,0,2,2,"2,0,2,2",,
2,0,2,2,"2,0,2,2",,
2,0,2,2,"2,0,2,2",,
2,0,2,2,"2,0,2,2",,
2,0,2,2,"2,0,2,2",,
2,0,2,2,"2,0,2,2",,
2,0,2,2,"2,0,2,2",,
2,0,2,2,"2,0,2,2",,
2,0,2,2,"2,0,2,2",,
2,0,2,2,"2,0,2,2",,
2,0,2,2,"2,0,2,2",,
2,0,2,2,"2,0,2,2",,
2,0,2,2,"2,0,2,2",,
2,0,2,2,"2,0,2,2",,
2,0,2,2,"2,0,2,2",,
2,0,2,2,"2,0,2,2",,
2,0,2,2,"2,0,2,2",,
2,0,2,2,"2,0,2,2",,
2,0,2,2,"2,0,2,2",,
2,0,2,2,"2,0,2,2",,
2,0,2,2,"2,0,2,2",,
2,0,2,2,"2,0,2,2",,
2,0,2,2,"2,0,2,2",,
2,0,2,2,"2,0,2,2",,
2,0,2,2,"2,0,2,2",,
2,0,2,2,"2,0,2,2",,
2,0,2,2,"2,0,2,2",,
2,0,2,2,"2,0,2,2",,
2,0,2,2,"2,0,2,2",,
2,0,2,2,"2,0,2,2",,
2,0,2,2,"2,0,2,2",,
2,0,2,2,"2,0,2,2",,
2,0,2,2,"2,0,2,2",,
2,0,2,2,"2,0,2,2",,
2,0,2,2,"2,0,2,2",,
2,0,2,2,"2,0,2,2",,
2,0,2,2,"2,0,2,2",,
2,0,2,2,"2,0,2,2",,
2,0,2,2,"2,0,2,2",,
2,0,2,2,"2,0,2,2",,
2,0,2,2,"2,0,2,2",,
2,0,2,2,"2,0,2,2",,
2,0,2,2,"2,0,2,2",,
2,0,2,2,"2,0,2,2",,
2,0,2,2,"2,0,2,2",,
2,0,2,2,"2,0,2,2",,
2,0,2,2,"2,0,2,2",,
2,0,2,2,"2,0,2,2",,
2,0,2,2,"2,0,2,2",,
2,0,2,2,"2,0,2,2",,
2,0,2,2,"2,0,2,2",,
2,0,2,2,"2,0,2,2",,
2,0,2,2,"2,0,2,2",,
2,0,2,2,"2,0,2,2",,
2,0,2,2,"2,0,2,2",,
2,0,2,2,"2,0,2,2",,
2,0,2,2,"2,0,2,2",,
2,0,2,2,"2,0,2,2",,
2,0,2,2,"2,0,2,2",,
2,0,2,2,"2,0,2,2",,
2,0,2,2,"2,0,2,2",,
2,0,2,2,"2,0,2,2",,
2,0,2,2,"2,0,2,2",,
2,0,2,2,"2,0,2,2",,
2,0,2,2,"2,0,2,2",,
2,0,2,2,"2,0,2,2",,
2,0,2,2,"2,0,2,2",,
2,0,2,2,"2,0,2,2",,
2,0,2,2,"2,0,2,2",,
2,0,2,2,"2,0,2,2",,
2,0,2,2,"2,0,2,2",,
2,0,2,2,"2,0,2,2",,
2,0,2,2,"2,0,2,2",,
2,0,2,2,"2,0,2,2",,
2,0,2,2,"2,0,2,2",,
2,0,2,2,"2,0,2,2",,
2,0,2,2,"2,0,2,2",,
4,2,6,2,"4,2,6,2",,
4,2,6,2,"4,2,6,2",,
2,0,2,2,"2,0,2,2",,
2,0,2,2,"2,0,2,2",,
4,2,6,2,"4,2,6,2",,
2,0,2,2,"2,0,2,2",,
2,0,2,2,"2,0,2,2",,
2,0,2,2,"2,0,2,2",,
2,0,2,2,"2,0,2,2",,
2,0,2,2,"2,0,2,2",,
2,0,2,2,"2,0,2,2",,
2,0,2,2,"2,0,2,2",,
2,0,2,2,"2,0,2,2",,
2,0,2,2,"2,0,2,2",,
2,0,2,2,"2,0,2,2",,
2,0,2,2,"2,0,2,2",,
2,0,2,2,"2,0,2,2",,
2,0,2,2,"2,0,2,2",,
2,0,2,2,"2,0,2,2",,
2,0,2,2,"2,0,2,2",,
2,0,2,2,"2,0,2,2",,
2,0,2,2,"2,0,2,2",,
2,0,2,2,"2,0,2,2",,
2,0,2,2,"2,0,2,2",,
2,0,2,2,"2,0,2,2",,
2,0,2,2,"2,0,2,2",,
2,0,2,2,"2,0,2,2",,
2,0,2,2,"2,0,2,2",,
2,0,2,2,"2,0,2,2",,
2,0,2,2,"2,0,2,2",,
2,0,2,2,"2,0,2,2",,
2,0,2,2,"2,0,2,2",,
2,0,2,2,"2,0,2,2",,
2,0,2,2,"2,0,2,2",,
2,0,2,2,"2,0,2,2",,
2,0,2,2,"2,0,2,2",,
2,0,2,2,"2,0,2,2",,
2,0,2,2,"2,0,2,2",,
2,0,2,2,"2,0,2,2",,
2,0,2,2,"2,0,2,2",,
2,0,2,2,"2,0,2,2",,
2,0,2,2,"2,0,2,2",,
2,0,2,2,"2,0,2,2",,
2,0,2,2,"2,0,2,2",,
2,0,2,2,"2,0,2,2",,
2,0,2,2,"2,0,2,2",,
2,0,2,2,"2,0,2,2",,
2,0,2,2,"2,0,2,2",,
2,0,2,2,"2,0,2,2",,
2,0,2,2,"2,0,2,2",,
2,0,2,2,"2,0,2,2",,
2,0,2,2,"2,0,2,2",,
2,0,2,2,"2,0,2,2",,
2,0,2,2,"2,0,2,2",,
2,0,2,2,"2,0,2,2",,
2,0,2,2,"2,0,2,2",,
2,0,2,2,"2,0,2,2",,
2,0,2,2,"2,0,2,2",,
2,0,2,2,"2,0,2,2",,
2,0,2,2,"2,0,2,2",,
2,0,2,2,"2,0,2,2",,
2,0,2,2,"2,0,2,2",,
2,0,2,2,"2,0,2,2",,
2,0,2,2,"2,0,2,2",,
2,0,2,2,"2,0,2,2",,
2,0,2,2,"2,0,2,2",,
2,0,2,2,"2,0,2,2",,
2,0,2,2,"2,0,2,2",,
2,0,2,2,"2,0,2,2",,
2,0,2,2,"2,0,2,2",,
2,0,2,2,"2,0,2,2",,
2,0,2,2,"2,0,2,2",,
2,0,2,2,"2,0,2,2",,
2,0,2,2,"2,0,2,2",,
2,0,2,2,"2,0,2,2",,
2,0,2,2,"2,0,2,2",,
2,0,2,2,"2,0,2,2",,
2,0,2,2,"2,0,2,2",,
2,0,2,2,"2,0,2,2",,
2,0,2,2,"2,0,2,2",,
2,0,2,2,"2,0,2,2",,
2,0,2,2,"2,0,2,2",,
2,0,2,2,"2,0,2,2",,
2,0,2,2,"2,0,2,2",,
2,0,2,2,"2,0,2,2",,
2,0,2,2,"2,0,2,2",,
2,0,2,2,"2,0,2,2",,
2,0,2,2,"2,0,2,2",,
2,0,2,2,"2,0,2,2",,
2,0,2,2,"2,0,2,2",,
2,0,2,2,"2,0,2,2",,
2,0,2,2,"2,0,2,2",,
2,0,2,2,"2,0,2,2",,
2,0,2,2,"2,0,2,2",,
2,0,2,2,"2,0,2,2",,
2,0,2,2,"2,0,2,2",,
2,0,2,2,"2,0,2,2",,
2,0,2,2,"2,0,2,2",,
2,0,2,2,"2,0,2,2",,
2,0,2,2,"2,0,2,2",,
2,0,2,2,"2,0,2,2",,
2,0,2,2,"2,0,2,2",,
2,0,2,2,"2,0,2,2",,
2,0,2,2,"2,0,2,2",,
2,0,2,2,"2,0,2,2",,
2,0,2,2,"2,0,2,2",,
2,0,2,2,"2,0,2,2",,
2,0,2,2,"2,0,2,2",,
2,0,2,2,"2,0,2,2",,
2,0,2,2,"2,0,2,2",,
2,0,2,2,"2,0,2,2",,
2,0,2,2,"2,0,2,2",,
2,0,2,2,"2,0,2,2",,
2,0,2,2,"2,0,2,2",,
2,0,2,2,"2,0,2,2",,
2,0,2,2,"2,0,2,2",,
2,0,2,2,"2,0,2,2",,
2,0,2,2,"2,0,2,2",,
2,0,2,2,"2,0,2,2",,
2,0,2,2,"2,0,2,2",,
2,0,2,2,"2,0,2,2",,
432,3,435,429,"432,3,435,429",,
62,0,62,62,"62,0,62,62",,
205,199,404,6,"205,199,404,6",,
1,0,1,1,"1,0,1,1",,
25,16,41,9,"25,16,41,9",,
1,1,2,0,"1,1,2,0",,
4,0,4,4,"4,0,4,4",,
1,1,2,0,"1,1,2,0",,
1,1,2,0,"1,1,2,0",,
5,0,5,5,"5,0,5,5",,
5,8,13,-3,"5,8,13,-3",,
2,5,7,-3,"2,5,7,-3",,
19,16,35,3,"19,16,35,3",,
6,9,15,-3,"6,9,15,-3",,
29,28,57,1,"29,28,57,1",,
1,5,6,-4,"1,5,6,-4",,
6,7,13,-1,"6,7,13,-1",,
65,24,89,41,"65,24,89,41",,
1,1,2,0,"1,1,2,0",,
2,1,3,1,"2,1,3,1",,
1,1,2,0,"1,1,2,0",,
1,1,2,0,"1,1,2,0",,
1,1,2,0,"1,1,2,0",,
1,1,2,0,"1,1,2,0",,
1,1,2,0,"1,1,2,0",,
1,1,2,0,"1,1,2,0",,
1,1,2,0,"1,1,2,0",,
1,1,2,0,"1,1,2,0",,
1,1,2,0,"1,1,2,0",,
1,1,2,0,"1,1,2,0",,
3,0,3,3,"3,0,3,3",,
19,0,19,19,"19,0,19,19",,
205,0,205,205,"205,0,205,205",,
29,0,29,29,"29,0,29,29",,
25,0,25,25,"25,0,25,25",,
2,1,3,1,"2,1,3,1",,
38,0,38,38,"38,0,38,38",,
4,0,4,4,"4,0,4,4",,
6,0,6,6,"6,0,6,6",,
9,0,9,9,"9,0,9,9",,
2,0,2,2,"2,0,2,2",,
7,7,14,0,"7,7,14,0",,
5,0,5,5,"5,0,5,5",,
0,5,5,-5,"0,5,5,-5",,
4,0,4,4,"4,0,4,4",,
0,5,5,-5,"0,5,5,-5",,
6,0,6,6,"6,0,6,6",,
0,5,5,-5,"0,5,5,-5",,
5,0,5,5,"5,0,5,5",,
0,5,5,-5,"0,5,5,-5",,
5,0,5,5,"5,0,5,5",,
0,5,5,-5,"0,5,5,-5",,
5,0,5,5,"5,0,5,5",,
0,5,5,-5,"0,5,5,-5",,
5,0,5,5,"5,0,5,5",,
0,5,5,-5,"0,5,5,-5",,
5,0,5,5,"5,0,5,5",,
0,5,5,-5,"0,5,5,-5",,
6,0,6,6,"6,0,6,6",,
0,4,4,-4,"0,4,4,-4",,
5,0,5,5,"5,0,5,5",,
0,5,5,-5,"0,5,5,-5",,
0,5,5,-5,"0,5,5,-5",,
2,0,2,2,"2,0,2,2",,
0,5,5,-5,"0,5,5,-5",,
5,0,5,5,"5,0,5,5",,
0,5,5,-5,"0,5,5,-5",,
5,0,5,5,"5,0,5,5",,
0,5,5,-5,"0,5,5,-5",,
5,0,5,5,"5,0,5,5",,
0,5,5,-5,"0,5,5,-5",,
2,2,4,0,"2,2,4,0",,
0,5,5,-5,"0,5,5,-5",,
5,0,5,5,"5,0,5,5",,
0,5,5,-5,"0,5,5,-5",,
2,1,3,1,"2,1,3,1",,
0,5,5,-5,"0,5,5,-5",,
5,0,5,5,"5,0,5,5",,
0,5,5,-5,"0,5,5,-5",,
5,0,5,5,"5,0,5,5",,
0,5,5,-5,"0,5,5,-5",,
5,0,5,5,"5,0,5,5",,
0,5,5,-5,"0,5,5,-5",,
0,5,5,-5,"0,5,5,-5",,
5,0,5,5,"5,0,5,5",,
0,5,5,-5,"0,5,5,-5",,
5,0,5,5,"5,0,5,5",,
0,5,5,-5,"0,5,5,-5",,
0,5,5,-5,"0,5,5,-5",,
5,0,5,5,"5,0,5,5",,
0,5,5,-5,"0,5,5,-5",,
5,0,5,5,"5,0,5,5",,
0,5,5,-5,"0,5,5,-5",,
1,1,2,0,"1,1,2,0",,
3,3,6,0,"3,3,6,0",,
0,1,1,-1,"0,1,1,-1",,
1,1,2,0,"1,1,2,0",,
2,2,4,0,"2,2,4,0",,
1,1,2,0,"1,1,2,0",,
1,1,2,0,"1,1,2,0",,
1,1,2,0,"1,1,2,0",,
2,2,4,0,"2,2,4,0",,
3,0,3,3,"3,0,3,3",,
3,3,6,0,"3,3,6,0",,
3,3,6,0,"3,3,6,0",,
3,3,6,0,"3,3,6,0",,
20,2,22,18,"20,2,22,18",,
76,4,80,72,"76,4,80,72",,
56,2,58,54,"56,2,58,54",,
61,14,75,47,"61,14,75,47",,
92,4,96,88,"92,4,96,88",,
47,0,47,47,"47,0,47,47",,
79,0,79,79,"79,0,79,79",,
1,1,2,0,"1,1,2,0",,
1,1,2,0,"1,1,2,0",,
1,1,2,0,"1,1,2,0",,
2,1,3,1,"2,1,3,1",,
1,1,2,0,"1,1,2,0",,
1,1,2,0,"1,1,2,0",,
1,1,2,0,"1,1,2,0",,
3,1,4,2,"3,1,4,2",,
1,1,2,0,"1,1,2,0",,
37,11,48,26,"37,11,48,26",,
2,0,2,2,"2,0,2,2",,
2,0,2,2,"2,0,2,2",,
2,0,2,2,"2,0,2,2",,
2,0,2,2,"2,0,2,2",,
2,47,49,-45,"2,47,49,-45",,
327,43,370,284,"327,43,370,284",,
3,6,9,-3,"3,6,9,-3",,
4,18,22,-14,"4,18,22,-14",,
2,0,2,2,"2,0,2,2",,
2,0,2,2,"2,0,2,2",,
2,0,2,2,"2,0,2,2",,
2,0,2,2,"2,0,2,2",,
2,0,2,2,"2,0,2,2",,
1858,0,1858,1858,"1858,0,1858,1858",,
394,0,394,394,"394,0,394,394",,
23,527,550,-504,"23,527,550,-504",,
2,0,2,2,"2,0,2,2",,
2,0,2,2,"2,0,2,2",,
2,0,2,2,"2,0,2,2",,
2,0,2,2,"2,0,2,2",,
2,0,2,2,"2,0,2,2",,
2,0,2,2,"2,0,2,2",,
2,0,2,2,"2,0,2,2",,
2,0,2,2,"2,0,2,2",,
2,0,2,2,"2,0,2,2",,
2,0,2,2,"2,0,2,2",,
2,0,2,2,"2,0,2,2",,
2,0,2,2,"2,0,2,2",,
2,0,2,2,"2,0,2,2",,
2,0,2,2,"2,0,2,2",,
2,0,2,2,"2,0,2,2",,
2,0,2,2,"2,0,2,2",,
2,0,2,2,"2,0,2,2",,
2,0,2,2,"2,0,2,2",,
2,0,2,2,"2,0,2,2",,
2,0,2,2,"2,0,2,2",,
2,0,2,2,"2,0,2,2",,
2,0,2,2,"2,0,2,2",,
2,0,2,2,"2,0,2,2",,
2,0,2,2,"2,0,2,2",,
2,0,2,2,"2,0,2,2",,
2,0,2,2,"2,0,2,2",,
2,0,2,2,"2,0,2,2",,
2,0,2,2,"2,0,2,2",,
2,0,2,2,"2,0,2,2",,
2,0,2,2,"2,0,2,2",,
2,0,2,2,"2,0,2,2",,
2,0,2,2,"2,0,2,2",,
2,0,2,2,"2,0,2,2",,
2,0,2,2,"2,0,2,2",,
2,0,2,2,"2,0,2,2",,
2,0,2,2,"2,0,2,2",,
3,1,4,2,"3,1,4,2",,
2,0,2,2,"2,0,2,2",,
2,0,2,2,"2,0,2,2",,
6,5,11,1,"6,5,11,1",,
2,0,2,2,"2,0,2,2",,
2,0,2,2,"2,0,2,2",,
2,0,2,2,"2,0,2,2",,
2,0,2,2,"2,0,2,2",,
2,0,2,2,"2,0,2,2",,
2,0,2,2,"2,0,2,2",,
2,0,2,2,"2,0,2,2",,
2,0,2,2,"2,0,2,2",,
2,0,2,2,"2,0,2,2",,
2,0,2,2,"2,0,2,2",,
2,0,2,2,"2,0,2,2",,
2,0,2,2,"2,0,2,2",,
2,0,2,2,"2,0,2,2",,
2,0,2,2,"2,0,2,2",,
2,0,2,2,"2,0,2,2",,
2,0,2,2,"2,0,2,2",,
2,0,2,2,"2,0,2,2",,
2,0,2,2,"2,0,2,2",,
2,0,2,2,"2,0,2,2",,
2,0,2,2,"2,0,2,2",,
2,0,2,2,"2,0,2,2",,
2,0,2,2,"2,0,2,2",,
2,0,2,2,"2,0,2,2",,
2,0,2,2,"2,0,2,2",,
2,0,2,2,"2,0,2,2",,
2,0,2,2,"2,0,2,2",,
2,0,2,2,"2,0,2,2",,
2,0,2,2,"2,0,2,2",,
2,0,2,2,"2,0,2,2",,
2,0,2,2,"2,0,2,2",,
2,0,2,2,"2,0,2,2",,
2,0,2,2,"2,0,2,2",,
2,0,2,2,"2,0,2,2",,
2,0,2,2,"2,0,2,2",,
2,0,2,2,"2,0,2,2",,
2,0,2,2,"2,0,2,2",,
2,0,2,2,"2,0,2,2",,
2,0,2,2,"2,0,2,2",,
2,0,2,2,"2,0,2,2",,
2,0,2,2,"2,0,2,2",,
2,0,2,2,"2,0,2,2",,
2,0,2,2,"2,0,2,2",,
2,0,2,2,"2,0,2,2",,
2,0,2,2,"2,0,2,2",,
2,0,2,2,"2,0,2,2",,
2,0,2,2,"2,0,2,2",,
2,0,2,2,"2,0,2,2",,
2,0,2,2,"2,0,2,2",,
2,0,2,2,"2,0,2,2",,
2,0,2,2,"2,0,2,2",,
2,0,2,2,"2,0,2,2",,
2,0,2,2,"2,0,2,2",,
2,0,2,2,"2,0,2,2",,
2,0,2,2,"2,0,2,2",,
2,0,2,2,"2,0,2,2",,
2,0,2,2,"2,0,2,2",,
2,0,2,2,"2,0,2,2",,
2,0,2,2,"2,0,2,2",,
2,0,2,2,"2,0,2,2",,
2,0,2,2,"2,0,2,2",,
2,0,2,2,"2,0,2,2",,
2,0,2,2,"2,0,2,2",,
2,0,2,2,"2,0,2,2",,
2,0,2,2,"2,0,2,2",,
2,0,2,2,"2,0,2,2",,
2,0,2,2,"2,0,2,2",,
2,0,2,2,"2,0,2,2",,
2,0,2,2,"2,0,2,2",,
2,0,2,2,"2,0,2,2",,
2,0,2,2,"2,0,2,2",,
2,0,2,2,"2,0,2,2",,
2,0,2,2,"2,0,2,2",,
2,0,2,2,"2,0,2,2",,
41,2,43,39,"41,2,43,39",,
2,0,2,2,"2,0,2,2",,
2,0,2,2,"2,0,2,2",,
2,0,2,2,"2,0,2,2",,
2,0,2,2,"2,0,2,2",,
2,0,2,2,"2,0,2,2",,
2,0,2,2,"2,0,2,2",,
2,0,2,2,"2,0,2,2",,
2,0,2,2,"2,0,2,2",,
2,0,2,2,"2,0,2,2",,
2,0,2,2,"2,0,2,2",,
2,0,2,2,"2,0,2,2",,
2,0,2,2,"2,0,2,2",,
2,0,2,2,"2,0,2,2",,
2,0,2,2,"2,0,2,2",,
2,0,2,2,"2,0,2,2",,
2,0,2,2,"2,0,2,2",,
2,0,2,2,"2,0,2,2",,
2,0,2,2,"2,0,2,2",,
2,0,2,2,"2,0,2,2",,
2,0,2,2,"2,0,2,2",,
2,0,2,2,"2,0,2,2",,
115,0,115,115,"115,0,115,115",,
2,0,2,2,"2,0,2,2",,
2,0,2,2,"2,0,2,2",,
2,0,2,2,"2,0,2,2",,
2,0,2,2,"2,0,2,2",,
2,0,2,2,"2,0,2,2",,
2,0,2,2,"2,0,2,2",,
2,0,2,2,"2,0,2,2",,
2,0,2,2,"2,0,2,2",,
2,0,2,2,"2,0,2,2",,
2,0,2,2,"2,0,2,2",,
2,0,2,2,"2,0,2,2",,
2,0,2,2,"2,0,2,2",,
2,0,2,2,"2,0,2,2",,
2,0,2,2,"2,0,2,2",,
2,0,2,2,"2,0,2,2",,
2,0,2,2,"2,0,2,2",,
2,0,2,2,"2,0,2,2",,
2,0,2,2,"2,0,2,2",,
2,0,2,2,"2,0,2,2",,
2,0,2,2,"2,0,2,2",,
2,0,2,2,"2,0,2,2",,
2,0,2,2,"2,0,2,2",,
2,0,2,2,"2,0,2,2",,
2,0,2,2,"2,0,2,2",,
2,0,2,2,"2,0,2,2",,
2,0,2,2,"2,0,2,2",,
2,0,2,2,"2,0,2,2",,
2,0,2,2,"2,0,2,2",,
2,0,2,2,"2,0,2,2",,
2,0,2,2,"2,0,2,2",,
2,0,2,2,"2,0,2,2",,
2,0,2,2,"2,0,2,2",,
2,0,2,2,"2,0,2,2",,
2,0,2,2,"2,0,2,2",,
2,0,2,2,"2,0,2,2",,
2,0,2,2,"2,0,2,2",,
2,0,2,2,"2,0,2,2",,
2,0,2,2,"2,0,2,2",,
2,0,2,2,"2,0,2,2",,
2,0,2,2,"2,0,2,2",,
2,0,2,2,"2,0,2,2",,
2,0,2,2,"2,0,2,2",,
2,0,2,2,"2,0,2,2",,
2,0,2,2,"2,0,2,2",,
2,0,2,2,"2,0,2,2",,
2,0,2,2,"2,0,2,2",,
2,0,2,2,"2,0,2,2",,
2,0,2,2,"2,0,2,2",,
2,0,2,2,"2,0,2,2",,
59,1,60,58,"59,1,60,58",,
2,0,2,2,"2,0,2,2",,
2,0,2,2,"2,0,2,2",,
2,0,2,2,"2,0,2,2",,
2,0,2,2,"2,0,2,2",,
2,0,2,2,"2,0,2,2",,
2,0,2,2,"2,0,2,2",,
2,0,2,2,"2,0,2,2",,
2,0,2,2,"2,0,2,2",,
2,0,2,2,"2,0,2,2",,
2,0,2,2,"2,0,2,2",,
2,0,2,2,"2,0,2,2",,
2,0,2,2,"2,0,2,2",,
70,21,91,49,"70,21,91,49",,
2,0,2,2,"2,0,2,2",,
4,507,511,-503,"4,507,511,-503",,
68,19,87,49,"68,19,87,49",,
2,0,2,2,"2,0,2,2",,
2,0,2,2,"2,0,2,2",,
2,0,2,2,"2,0,2,2",,
2,0,2,2,"2,0,2,2",,
2,0,2,2,"2,0,2,2",,
2,0,2,2,"2,0,2,2",,
2,0,2,2,"2,0,2,2",,
2,0,2,2,"2,0,2,2",,
2,0,2,2,"2,0,2,2",,
2,0,2,2,"2,0,2,2",,
2,0,2,2,"2,0,2,2",,
2,0,2,2,"2,0,2,2",,
59,1,60,58,"59,1,60,58",,
2,0,2,2,"2,0,2,2",,
2,0,2,2,"2,0,2,2",,
2,0,2,2,"2,0,2,2",,
2,0,2,2,"2,0,2,2",,
2,0,2,2,"2,0,2,2",,
2,0,2,2,"2,0,2,2",,
2,0,2,2,"2,0,2,2",,
2,0,2,2,"2,0,2,2",,
2,0,2,2,"2,0,2,2",,
2,0,2,2,"2,0,2,2",,
2,0,2,2,"2,0,2,2",,
2,0,2,2,"2,0,2,2",,
63,1,64,62,"63,1,64,62",,
2,0,2,2,"2,0,2,2",,
2,0,2,2,"2,0,2,2",,
2,0,2,2,"2,0,2,2",,
2,0,2,2,"2,0,2,2",,
2,0,2,2,"2,0,2,2",,
2,0,2,2,"2,0,2,2",,
2,0,2,2,"2,0,2,2",,
2,0,2,2,"2,0,2,2",,
2,0,2,2,"2,0,2,2",,
2,0,2,2,"2,0,2,2",,
2,0,2,2,"2,0,2,2",,
2,0,2,2,"2,0,2,2",,
2,0,2,2,"2,0,2,2",,
2,0,2,2,"2,0,2,2",,
2,0,2,2,"2,0,2,2",,
2,0,2,2,"2,0,2,2",,
2,0,2,2,"2,0,2,2",,
2,0,2,2,"2,0,2,2",,
2,0,2,2,"2,0,2,2",,
2,0,2,2,"2,0,2,2",,
2,0,2,2,"2,0,2,2",,
67,0,67,67,"67,0,67,67",,
2,0,2,2,"2,0,2,2",,
2,0,2,2,"2,0,2,2",,
2,0,2,2,"2,0,2,2",,
2,0,2,2,"2,0,2,2",,
2,0,2,2,"2,0,2,2",,
2,0,2,2,"2,0,2,2",,
2,0,2,2,"2,0,2,2",,
2,0,2,2,"2,0,2,2",,
2,0,2,2,"2,0,2,2",,
2,0,2,2,"2,0,2,2",,
2,0,2,2,"2,0,2,2",,
69,0,69,69,"69,0,69,69",,
2,0,2,2,"2,0,2,2",,
2,0,2,2,"2,0,2,2",,
2,0,2,2,"2,0,2,2",,
2,0,2,2,"2,0,2,2",,
2,0,2,2,"2,0,2,2",,
2,0,2,2,"2,0,2,2",,
2,0,2,2,"2,0,2,2",,
2,0,2,2,"2,0,2,2",,
2,0,2,2,"2,0,2,2",,
2,0,2,2,"2,0,2,2",,
2,0,2,2,"2,0,2,2",,
2,0,2,2,"2,0,2,2",,
2,0,2,2,"2,0,2,2",,
2,0,2,2,"2,0,2,2",,
2,0,2,2,"2,0,2,2",,
2,0,2,2,"2,0,2,2",,
2,0,2,2,"2,0,2,2",,
2,0,2,2,"2,0,2,2",,
2,0,2,2,"2,0,2,2",,
2,0,2,2,"2,0,2,2",,
2,0,2,2,"2,0,2,2",,
2,0,2,2,"2,0,2,2",,
2,0,2,2,"2,0,2,2",,
2,0,2,2,"2,0,2,2",,
2,0,2,2,"2,0,2,2",,
2,0,2,2,"2,0,2,2",,
2,0,2,2,"2,0,2,2",,
2,0,2,2,"2,0,2,2",,
2,0,2,2,"2,0,2,2",,
2,0,2,2,"2,0,2,2",,
2,0,2,2,"2,0,2,2",,
2,0,2,2,"2,0,2,2",,
2,0,2,2,"2,0,2,2",,
2,0,2,2,"2,0,2,2",,
2,0,2,2,"2,0,2,2",,
2,0,2,2,"2,0,2,2",,
2,0,2,2,"2,0,2,2",,
2,0,2,2,"2,0,2,2",,
3,2,5,1,"3,2,5,1",,
2,0,2,2,"2,0,2,2",,
2,0,2,2,"2,0,2,2",,
2,0,2,2,"2,0,2,2",,
2,0,2,2,"2,0,2,2",,
2,0,2,2,"2,0,2,2",,
2,0,2,2,"2,0,2,2",,
2,0,2,2,"2,0,2,2",,
9,1,10,8,"9,1,10,8",,
2,0,2,2,"2,0,2,2",,
2,0,2,2,"2,0,2,2",,
2,0,2,2,"2,0,2,2",,
9,1,10,8,"9,1,10,8",,
2,0,2,2,"2,0,2,2",,
2,0,2,2,"2,0,2,2",,
2,0,2,2,"2,0,2,2",,
2,0,2,2,"2,0,2,2",,
2,0,2,2,"2,0,2,2",,
2,0,2,2,"2,0,2,2",,
2,0,2,2,"2,0,2,2",,
2,0,2,2,"2,0,2,2",,
2,0,2,2,"2,0,2,2",,
2,0,2,2,"2,0,2,2",,
2,0,2,2,"2,0,2,2",,
2,0,2,2,"2,0,2,2",,
2,0,2,2,"2,0,2,2",,
2,0,2,2,"2,0,2,2",,
2,0,2,2,"2,0,2,2",,
2,0,2,2,"2,0,2,2",,
2,0,2,2,"2,0,2,2",,
2,0,2,2,"2,0,2,2",,
2,0,2,2,"2,0,2,2",,
2,0,2,2,"2,0,2,2",,
2,0,2,2,"2,0,2,2",,
2,0,2,2,"2,0,2,2",,
2,0,2,2,"2,0,2,2",,
2,0,2,2,"2,0,2,2",,
2,0,2,2,"2,0,2,2",,
2,0,2,2,"2,0,2,2",,
2,0,2,2,"2,0,2,2",,
2,0,2,2,"2,0,2,2",,
2,0,2,2,"2,0,2,2",,
2,0,2,2,"2,0,2,2",,
2,0,2,2,"2,0,2,2",,
2,0,2,2,"2,0,2,2",,
2,0,2,2,"2,0,2,2",,
2,0,2,2,"2,0,2,2",,
2,0,2,2,"2,0,2,2",,
2,0,2,2,"2,0,2,2",,
2,0,2,2,"2,0,2,2",,
2,0,2,2,"2,0,2,2",,
2,0,2,2,"2,0,2,2",,
2,0,2,2,"2,0,2,2",,
2,0,2,2,"2,0,2,2",,
2,0,2,2,"2,0,2,2",,
2,0,2,2,"2,0,2,2",,
2,0,2,2,"2,0,2,2",,
2,0,2,2,"2,0,2,2",,
2,0,2,2,"2,0,2,2",,
2,0,2,2,"2,0,2,2",,
2,0,2,2,"2,0,2,2",,
2,0,2,2,"2,0,2,2",,
2,0,2,2,"2,0,2,2",,
2,0,2,2,"2,0,2,2",,
2,0,2,2,"2,0,2,2",,
2,0,2,2,"2,0,2,2",,
2,0,2,2,"2,0,2,2",,
2,0,2,2,"2,0,2,2",,
2,0,2,2,"2,0,2,2",,
2,0,2,2,"2,0,2,2",,
2,0,2,2,"2,0,2,2",,
2,0,2,2,"2,0,2,2",,
2,0,2,2,"2,0,2,2",,
2,0,2,2,"2,0,2,2",,
2,0,2,2,"2,0,2,2",,
2,0,2,2,"2,0,2,2",,
2,0,2,2,"2,0,2,2",,
2,0,2,2,"2,0,2,2",,
2,0,2,2,"2,0,2,2",,
2,0,2,2,"2,0,2,2",,
2,0,2,2,"2,0,2,2",,
2,0,2,2,"2,0,2,2",,
2,0,2,2,"2,0,2,2",,
2,0,2,2,"2,0,2,2",,
2,0,2,2,"2,0,2,2",,
2,0,2,2,"2,0,2,2",,
2,0,2,2,"2,0,2,2",,
2,0,2,2,"2,0,2,2",,
2,0,2,2,"2,0,2,2",,
2,0,2,2,"2,0,2,2",,
2,0,2,2,"2,0,2,2",,
2,0,2,2,"2,0,2,2",,
2,0,2,2,"2,0,2,2",,
2,0,2,2,"2,0,2,2",,
2,0,2,2,"2,0,2,2",,
2,0,2,2,"2,0,2,2",,
2,0,2,2,"2,0,2,2",,
2,0,2,2,"2,0,2,2",,
2,0,2,2,"2,0,2,2",,
2,0,2,2,"2,0,2,2",,
2,0,2,2,"2,0,2,2",,
2,0,2,2,"2,0,2,2",,
2,0,2,2,"2,0,2,2",,
2,0,2,2,"2,0,2,2",,
2,0,2,2,"2,0,2,2",,
2,0,2,2,"2,0,2,2",,
2,0,2,2,"2,0,2,2",,
3,0,3,3,"3,0,3,3",,
3,0,3,3,"3,0,3,3",,
3,0,3,3,"3,0,3,3",,
3,0,3,3,"3,0,3,3",,
3,0,3,3,"3,0,3,3",,
3,0,3,3,"3,0,3,3",,
940,0,940,940,"940,0,940,940",,
3,0,3,3,"3,0,3,3",,
3,0,3,3,"3,0,3,3",,
7,0,7,7,"7,0,7,7",,
2,0,2,2,"2,0,2,2",,
2,0,2,2,"2,0,2,2",,
2,0,2,2,"2,0,2,2",,
2,0,2,2,"2,0,2,2",,
2,0,2,2,"2,0,2,2",,
2,0,2,2,"2,0,2,2",,
2,0,2,2,"2,0,2,2",,
2,0,2,2,"2,0,2,2",,
2,0,2,2,"2,0,2,2",,
4,2,6,2,"4,2,6,2",,
2,0,2,2,"2,0,2,2",,
2,0,2,2,"2,0,2,2",,
2,0,2,2,"2,0,2,2",,
2,0,2,2,"2,0,2,2",,
2,0,2,2,"2,0,2,2",,
2,0,2,2,"2,0,2,2",,
2,0,2,2,"2,0,2,2",,
2,0,2,2,"2,0,2,2",,
2,0,2,2,"2,0,2,2",,
2,0,2,2,"2,0,2,2",,
2,0,2,2,"2,0,2,2",,
2,0,2,2,"2,0,2,2",,
2,0,2,2,"2,0,2,2",,
2,0,2,2,"2,0,2,2",,
2,0,2,2,"2,0,2,2",,
2,0,2,2,"2,0,2,2",,
2,0,2,2,"2,0,2,2",,
2,0,2,2,"2,0,2,2",,
2,0,2,2,"2,0,2,2",,
2,0,2,2,"2,0,2,2",,
2,0,2,2,"2,0,2,2",,
2,0,2,2,"2,0,2,2",,
2,0,2,2,"2,0,2,2",,
2,0,2,2,"2,0,2,2",,
2,0,2,2,"2,0,2,2",,
2,0,2,2,"2,0,2,2",,
2,0,2,2,"2,0,2,2",,
2,0,2,2,"2,0,2,2",,
2,0,2,2,"2,0,2,2",,
2,0,2,2,"2,0,2,2",,
2,0,2,2,"2,0,2,2",,
2,0,2,2,"2,0,2,2",,
2,0,2,2,"2,0,2,2",,
217,21,238,196,"217,21,238,196",,
2,0,2,2,"2,0,2,2",,
2,0,2,2,"2,0,2,2",,
2,0,2,2,"2,0,2,2",,
98,8,106,90,"98,8,106,90",,
2,0,2,2,"2,0,2,2",,
2,0,2,2,"2,0,2,2",,
53,4,57,49,"53,4,57,49",,
2,134,136,-132,"2,134,136,-132",,
2,0,2,2,"2,0,2,2",,
2,0,2,2,"2,0,2,2",,
2,0,2,2,"2,0,2,2",,
2,0,2,2,"2,0,2,2",,
2,0,2,2,"2,0,2,2",,
2,0,2,2,"2,0,2,2",,
2,0,2,2,"2,0,2,2",,
2,0,2,2,"2,0,2,2",,
2,0,2,2,"2,0,2,2",,
2,0,2,2,"2,0,2,2",,
2,0,2,2,"2,0,2,2",,
2,0,2,2,"2,0,2,2",,
2,0,2,2,"2,0,2,2",,
2,0,2,2,"2,0,2,2",,
2,0,2,2,"2,0,2,2",,
2,0,2,2,"2,0,2,2",,
2,0,2,2,"2,0,2,2",,
2,0,2,2,"2,0,2,2",,
2,0,2,2,"2,0,2,2",,
2,0,2,2,"2,0,2,2",,
2,0,2,2,"2,0,2,2",,
2,0,2,2,"2,0,2,2",,
2,0,2,2,"2,0,2,2",,
2,0,2,2,"2,0,2,2",,
2,0,2,2,"2,0,2,2",,
2,0,2,2,"2,0,2,2",,
2,0,2,2,"2,0,2,2",,
2,0,2,2,"2,0,2,2",,
2,0,2,2,"2,0,2,2",,
2,0,2,2,"2,0,2,2",,
2,0,2,2,"2,0,2,2",,
2,0,2,2,"2,0,2,2",,
2,0,2,2,"2,0,2,2",,
2,0,2,2,"2,0,2,2",,
2,0,2,2,"2,0,2,2",,
2,0,2,2,"2,0,2,2",,
2,0,2,2,"2,0,2,2",,
2,0,2,2,"2,0,2,2",,
2,0,2,2,"2,0,2,2",,
2,0,2,2,"2,0,2,2",,
2,0,2,2,"2,0,2,2",,
2,0,2,2,"2,0,2,2",,
2,0,2,2,"2,0,2,2",,
2,0,2,2,"2,0,2,2",,
2,0,2,2,"2,0,2,2",,
2,0,2,2,"2,0,2,2",,
2,0,2,2,"2,0,2,2",,
2,6,8,-4,"2,6,8,-4",,
2,0,2,2,"2,0,2,2",,
3,7,10,-4,"3,7,10,-4",,
2,0,2,2,"2,0,2,2",,
2,0,2,2,"2,0,2,2",,
2,0,2,2,"2,0,2,2",,
2,0,2,2,"2,0,2,2",,
2,0,2,2,"2,0,2,2",,
2,0,2,2,"2,0,2,2",,
2,0,2,2,"2,0,2,2",,
2,0,2,2,"2,0,2,2",,
2,0,2,2,"2,0,2,2",,
2,0,2,2,"2,0,2,2",,
2,0,2,2,"2,0,2,2",,
2,0,2,2,"2,0,2,2",,
2,0,2,2,"2,0,2,2",,
2,0,2,2,"2,0,2,2",,
2,0,2,2,"2,0,2,2",,
2,0,2,2,"2,0,2,2",,
2,0,2,2,"2,0,2,2",,
2,0,2,2,"2,0,2,2",,
2,0,2,2,"2,0,2,2",,
2,0,2,2,"2,0,2,2",,
2,0,2,2,"2,0,2,2",,
2,0,2,2,"2,0,2,2",,
2,0,2,2,"2,0,2,2",,
2,0,2,2,"2,0,2,2",,
2,0,2,2,"2,0,2,2",,
2,0,2,2,"2,0,2,2",,
7,5,12,2,"7,5,12,2",,
2,0,2,2,"2,0,2,2",,
2,0,2,2,"2,0,2,2",,
2,0,2,2,"2,0,2,2",,
2,0,2,2,"2,0,2,2",,
2,0,2,2,"2,0,2,2",,
2,0,2,2,"2,0,2,2",,
2,0,2,2,"2,0,2,2",,
2,0,2,2,"2,0,2,2",,
2,0,2,2,"2,0,2,2",,
2,0,2,2,"2,0,2,2",,
2,0,2,2,"2,0,2,2",,
50,1,51,49,"50,1,51,49",,
49,0,49,49,"49,0,49,49",,
2,0,2,2,"2,0,2,2",,
2,0,2,2,"2,0,2,2",,
2,0,2,2,"2,0,2,2",,
2,0,2,2,"2,0,2,2",,
2,0,2,2,"2,0,2,2",,
2,0,2,2,"2,0,2,2",,
4,0,4,4,"4,0,4,4",,
4,0,4,4,"4,0,4,4",,
4,0,4,4,"4,0,4,4",,
4,0,4,4,"4,0,4,4",,
4,0,4,4,"4,0,4,4",,
865,0,865,865,"865,0,865,865",,
4,0,4,4,"4,0,4,4",,
4,0,4,4,"4,0,4,4",,
931,0,931,931,"931,0,931,931",,
4,0,4,4,"4,0,4,4",,
4,0,4,4,"4,0,4,4",,
4,0,4,4,"4,0,4,4",,
4,0,4,4,"4,0,4,4",,
4,0,4,4,"4,0,4,4",,
4,0,4,4,"4,0,4,4",,
13,1,14,12,"13,1,14,12",,
3,0,3,3,"3,0,3,3",,
3,0,3,3,"3,0,3,3",,
3,0,3,3,"3,0,3,3",,
3,0,3,3,"3,0,3,3",,
3,0,3,3,"3,0,3,3",,
3,0,3,3,"3,0,3,3",,
939,0,939,939,"939,0,939,939",,
3,0,3,3,"3,0,3,3",,
7,0,7,7,"7,0,7,7",,
2,0,2,2,"2,0,2,2",,
2,0,2,2,"2,0,2,2",,
2,0,2,2,"2,0,2,2",,
2,0,2,2,"2,0,2,2",,
2,0,2,2,"2,0,2,2",,
2,0,2,2,"2,0,2,2",,
2,1,3,1,"2,1,3,1",,
2,1,3,1,"2,1,3,1",,
2,1,3,1,"2,1,3,1",,
2,1,3,1,"2,1,3,1",,
2,1,3,1,"2,1,3,1",,
2,1,3,1,"2,1,3,1",,
2,1,3,1,"2,1,3,1",,
2,1,3,1,"2,1,3,1",,
2,1,3,1,"2,1,3,1",,
2,1,3,1,"2,1,3,1",,
2,1,3,1,"2,1,3,1",,
2,1,3,1,"2,1,3,1",,
2,1,3,1,"2,1,3,1",,
2,1,3,1,"2,1,3,1",,
2,1,3,1,"2,1,3,1",,
2,1,3,1,"2,1,3,1",,
2,1,3,1,"2,1,3,1",,
2,1,3,1,"2,1,3,1",,
2,1,3,1,"2,1,3,1",,
2,1,3,1,"2,1,3,1",,
2,1,3,1,"2,1,3,1",,
2,1,3,1,"2,1,3,1",,
2,1,3,1,"2,1,3,1",,
2,1,3,1,"2,1,3,1",,
2,1,3,1,"2,1,3,1",,
2,1,3,1,"2,1,3,1",,
2,1,3,1,"2,1,3,1",,
2,1,3,1,"2,1,3,1",,
2,1,3,1,"2,1,3,1",,
2,1,3,1,"2,1,3,1",,
2,1,3,1,"2,1,3,1",,
2,1,3,1,"2,1,3,1",,
2,1,3,1,"2,1,3,1",,
2,1,3,1,"2,1,3,1",,
2,1,3,1,"2,1,3,1",,
2,1,3,1,"2,1,3,1",,
2,1,3,1,"2,1,3,1",,
2,1,3,1,"2,1,3,1",,
2,1,3,1,"2,1,3,1",,
2,1,3,1,"2,1,3,1",,
2,1,3,1,"2,1,3,1",,
2,1,3,1,"2,1,3,1",,
2,1,3,1,"2,1,3,1",,
4,9,13,-5,"4,9,13,-5",,
2,1,3,1,"2,1,3,1",,
2,1,3,1,"2,1,3,1",,
2,1,3,1,"2,1,3,1",,
2,1,3,1,"2,1,3,1",,
8,13,21,-5,"8,13,21,-5",,
2,1,3,1,"2,1,3,1",,
2,1,3,1,"2,1,3,1",,
2,1,3,1,"2,1,3,1",,
2,1,3,1,"2,1,3,1",,
2,1,3,1,"2,1,3,1",,
2,1,3,1,"2,1,3,1",,
2,1,3,1,"2,1,3,1",,
2,1,3,1,"2,1,3,1",,
2,1,3,1,"2,1,3,1",,
33,36,69,-3,"33,36,69,-3",,
2,0,2,2,"2,0,2,2",,
2,0,2,2,"2,0,2,2",,
2,0,2,2,"2,0,2,2",,
2,0,2,2,"2,0,2,2",,
2,0,2,2,"2,0,2,2",,
102,6,108,96,"102,6,108,96",,
2,0,2,2,"2,0,2,2",,
208,18,226,190,"208,18,226,190",,
2,0,2,2,"2,0,2,2",,
2,0,2,2,"2,0,2,2",,
2,0,2,2,"2,0,2,2",,
2,0,2,2,"2,0,2,2",,
2,0,2,2,"2,0,2,2",,
2,0,2,2,"2,0,2,2",,
2,0,2,2,"2,0,2,2",,
2,0,2,2,"2,0,2,2",,
2,0,2,2,"2,0,2,2",,
2,0,2,2,"2,0,2,2",,
2,0,2,2,"2,0,2,2",,
204,63,267,141,"204,63,267,141",,
3,0,3,3,"3,0,3,3",,
3,0,3,3,"3,0,3,3",,
3,0,3,3,"3,0,3,3",,
3,0,3,3,"3,0,3,3",,
3,0,3,3,"3,0,3,3",,
4,1,5,3,"4,1,5,3",,
3,0,3,3,"3,0,3,3",,
3,0,3,3,"3,0,3,3",,
3,0,3,3,"3,0,3,3",,
11,4,15,7,"11,4,15,7",,
2,0,2,2,"2,0,2,2",,
2,0,2,2,"2,0,2,2",,
2,0,2,2,"2,0,2,2",,
70,5,75,65,"70,5,75,65",,
2,0,2,2,"2,0,2,2",,
2,0,2,2,"2,0,2,2",,
2,0,2,2,"2,0,2,2",,
2,0,2,2,"2,0,2,2",,
2,0,2,2,"2,0,2,2",,
2,0,2,2,"2,0,2,2",,
2,0,2,2,"2,0,2,2",,
2,0,2,2,"2,0,2,2",,
2,0,2,2,"2,0,2,2",,
2,0,2,2,"2,0,2,2",,
2,0,2,2,"2,0,2,2",,
2,0,2,2,"2,0,2,2",,
2,0,2,2,"2,0,2,2",,
682,125,807,557,"682,125,807,557",,
119,33,152,86,"119,33,152,86",,
632,627,1259,5,"632,627,1259,5",,
1,0,1,1,"1,0,1,1",,
82,73,155,9,"82,73,155,9",,
1,1,2,0,"1,1,2,0",,
1,1,2,0,"1,1,2,0",,
1,0,1,1,"1,0,1,1",,
8,0,8,8,"8,0,8,8",,
5,0,5,5,"5,0,5,5",,
8,0,8,8,"8,0,8,8",,
2,2,4,0,"2,2,4,0",,
1,1,2,0,"1,1,2,0",,
21,11,32,10,"21,11,32,10",,
26,13,39,13,"26,13,39,13",,
104,0,104,104,"104,0,104,104",,
15,9,24,6,"15,9,24,6",,
13,0,13,13,"13,0,13,13",,
6,4,10,2,"6,4,10,2",,
1,1,2,0,"1,1,2,0",,
2,1,3,1,"2,1,3,1",,
1,1,2,0,"1,1,2,0",,
2,2,4,0,"2,2,4,0",,
2,1,3,1,"2,1,3,1",,
2,1,3,1,"2,1,3,1",,
2,1,3,1,"2,1,3,1",,
3,1,4,2,"3,1,4,2",,
1,1,2,0,"1,1,2,0",,
1,1,2,0,"1,1,2,0",,
2,0,2,2,"2,0,2,2",,
1,1,2,0,"1,1,2,0",,
8,2,10,6,"8,2,10,6",,
17,1,18,16,"17,1,18,16",,
10,0,10,10,"10,0,10,10",,
10,3,13,7,"10,3,13,7",,
13,0,13,13,"13,0,13,13",,
12,1,13,11,"12,1,13,11",,
2,0,2,2,"2,0,2,2",,
0,2,2,-2,"0,2,2,-2",,
39,8,47,31,"39,8,47,31",,
21,0,21,21,"21,0,21,21",,
2,0,2,2,"2,0,2,2",,
0,3,3,-3,"0,3,3,-3",,
41,16,57,25,"41,16,57,25",,
30,1,31,29,"30,1,31,29",,
2,2,4,0,"2,2,4,0",,
1,1,2,0,"1,1,2,0",,
1,0,1,1,"1,0,1,1",,
37,0,37,37,"37,0,37,37",,
4,29,33,-25,"4,29,33,-25",,
1,0,1,1,"1,0,1,1",,
36,0,36,36,"36,0,36,36",,
6,6,12,0,"6,6,12,0",,
0,0,0,0,"0,0,0,0",,
0,0,0,0,"0,0,0,0",,
1,1,2,0,"1,1,2,0",,
0,0,0,0,"0,0,0,0",,
0,0,0,0,"0,0,0,0",,
1,7,8,-6,"1,7,8,-6",,
1,1,2,0,"1,1,2,0",,
1,0,1,1,"1,0,1,1",,
3,2,5,1,"3,2,5,1",,
1,3,4,-2,"1,3,4,-2",,
1,11,12,-10,"1,11,12,-10",,
1,1,2,0,"1,1,2,0",,
0,43,43,-43,"0,43,43,-43",,
1,0,1,1,"1,0,1,1",,
1,0,1,1,"1,0,1,1",,
75,0,75,75,"75,0,75,75",,
4,0,4,4,"4,0,4,4",,
11,0,11,11,"11,0,11,11",,
5,4,9,1,"5,4,9,1",,
5,1,6,4,"5,1,6,4",,
32,0,32,32,"32,0,32,32",,
23,0,23,23,"23,0,23,23",,
32,0,32,32,"32,0,32,32",,
1,1,2,0,"1,1,2,0",,
0,0,0,0,"0,0,0,0",,
0,0,0,0,"0,0,0,0",,
0,0,0,0,"0,0,0,0",,
19,0,19,19,"19,0,19,19",,
58,0,58,58,"58,0,58,58",,
85,0,85,85,"85,0,85,85",,
1,1,2,0,"1,1,2,0",,
1,1,2,0,"1,1,2,0",,
0,0,0,0,"0,0,0,0",,
1,1,2,0,"1,1,2,0",,
0,0,0,0,"0,0,0,0",,
0,0,0,0,"0,0,0,0",,
0,0,0,0,"0,0,0,0",,
0,0,0,0,"0,0,0,0",,
0,0,0,0,"0,0,0,0",,
18,0,18,18,"18,0,18,18",,
1,1,2,0,"1,1,2,0",,
0,0,0,0,"0,0,0,0",,
0,0,0,0,"0,0,0,0",,
0,0,0,0,"0,0,0,0",,
0,0,0,0,"0,0,0,0",,
0,0,0,0,"0,0,0,0",,
6,0,6,6,"6,0,6,6",,
1,0,1,1,"1,0,1,1",,
1,0,1,1,"1,0,1,1",,
1,0,1,1,"1,0,1,1",,
2,34,36,-32,"2,34,36,-32",,
43,0,43,43,"43,0,43,43",,
17,1,18,16,"17,1,18,16",,
2,4,6,-2,"2,4,6,-2",,
16,14,30,2,"16,14,30,2",,
1,1,2,0,"1,1,2,0",,
3,3,6,0,"3,3,6,0",,
3,4,7,-1,"3,4,7,-1",,
1,1,2,0,"1,1,2,0",,
1,1,2,0,"1,1,2,0",,
2,4,6,-2,"2,4,6,-2",,
2,4,6,-2,"2,4,6,-2",,
1,1,2,0,"1,1,2,0",,
1,1,2,0,"1,1,2,0",,
5,4,9,1,"5,4,9,1",,
5,4,9,1,"5,4,9,1",,
5,6,11,-1,"5,6,11,-1",,
4,6,10,-2,"4,6,10,-2",,
4,4,8,0,"4,4,8,0",,
4,2,6,2,"4,2,6,2",,
5,8,13,-3,"5,8,13,-3",,
6,0,6,6,"6,0,6,6",,
16,2,18,14,"16,2,18,14",,
225,13,238,212,"225,13,238,212",,
0,255,255,-255,"0,255,255,-255",,
173,0,173,173,"173,0,173,173",,
1,11,12,-10,"1,11,12,-10",,
2,4,6,-2,"2,4,6,-2",,
0,79,79,-79,"0,79,79,-79",,
1,4,5,-3,"1,4,5,-3",,
1,2,3,-1,"1,2,3,-1",,
20,3,23,17,"20,3,23,17",,
426,0,426,426,"426,0,426,426",,
5,0,5,5,"5,0,5,5",,
4,5,9,-1,"4,5,9,-1",,
2,1,3,1,"2,1,3,1",,
1,1,2,0,"1,1,2,0",,
2,1,3,1,"2,1,3,1",,
3,2,5,1,"3,2,5,1",,
2,7,9,-5,"2,7,9,-5",,
3,5,8,-2,"3,5,8,-2",,
4,8,12,-4,"4,8,12,-4",,
2,4,6,-2,"2,4,6,-2",,
1,1,2,0,"1,1,2,0",,
7,12,19,-5,"7,12,19,-5",,
17,20,37,-3,"17,20,37,-3",,
3,3,6,0,"3,3,6,0",,